 26.40811 3.543183e-01
 32.25636 9.809850e-02
 31.13729 1.393387e-01
 34.63617 1.645141e-01
 29.93478 1.307076e-01
 37.02018 7.337543e-02
 28.80846 2.576147e-02
 31.84069 3.144877e-02
 31.48897 1.588509e-02
 30.31145 1.786677e-02
 27.32537 3.239399e-02
 27.98528 1.817036e-02
 29.96332 2.038142e-02
 34.74129 1.643417e-02
 27.50908 1.173631e-02
 35.62125 2.801398e-03
 34.32914 8.921480e-03
 33.37818 2.890032e-03
 27.77677 1.958621e-03
 24.40196 9.421765e-04
 28.48605 1.125427e-03
 29.24253 2.929859e-03
 25.88331 7.798442e-04
 32.73887 2.905452e-04
 35.34876 6.514580e-04
 31.19588 2.996711e-03
 28.94312 8.220468e-04
 29.50653 5.926016e-03
 30.33286 8.237099e-04
 33.03725 2.831288e-03
 36.82938 1.132827e-03
 34.79619 3.613614e-03
 29.73367 4.744761e-03
 31.43877 6.204730e-03
 35.05999 3.700187e-03
 31.20256 3.927105e-03
 30.26511 2.859901e-02
 26.18475 2.599211e-02
 28.87605 1.072260e-01
 27.85596 7.449426e-02
 33.50020 2.098888e-01
 38.75807 2.231530e-01
 31.82559 4.559095e-01
 36.29256 3.175260e-01
 31.40189 2.356617e+00
 27.75088 1.569698e+00
 34.51737 2.293844e+00
 26.57277 2.357386e+00
 28.95573 4.107555e+00
 21.34012 1.360449e+01
 19.04718 1.742937e+01
 17.01459 1.057379e+01
 15.06710 3.708651e+01
 12.70482 2.270311e+01
 13.06871 9.062936e+00
 11.04879 1.019956e+01
 15.60527 1.097979e+01
 20.39319 5.060222e+00
 21.11008 3.754152e+00
 27.81569 1.456825e+00
 22.54384 1.096191e+00
 21.54759 1.003549e+00
 22.94232 7.293113e-01
 40.00892 1.331262e+00
 29.91392 5.453876e-01
 30.50951 6.428307e-01
 34.44578 1.499225e-01
 27.08903 1.886497e-01
 30.28288 1.531094e-01
 33.79897 1.137299e-01
 35.08427 1.036638e-01
 30.05156 1.533193e-01
 34.86274 3.560322e-02
 33.55103 1.026910e-01
 26.45482 1.035659e-01
 25.32666 1.937638e-01
 30.22102 3.608933e-01
 26.59260 1.029582e-01
 36.07836 2.657278e-01
 34.94491 7.909947e-02
 35.05937 6.558248e-02
 33.09530 5.046115e-01
 35.36534 7.572433e-01
 29.43483 1.263327e+00
 32.62752 7.134648e-01
 30.87970 8.972712e-01
 30.28971 7.344794e-01
 25.89659 8.340547e-01
 25.08356 6.448724e+00
 26.28250 2.637064e+00
 26.59408 4.654042e+00
 28.84216 6.572330e+00
 19.18057 6.395792e+00
 22.81623 1.691569e+01
 23.09281 1.438942e+01
 24.50443 1.279604e+01
 18.82129 6.460047e+00
 20.92544 4.294245e+00
 24.27668 4.455387e+00
 23.68105 4.406521e+00
 23.85747 2.682814e+00
