   -0.9508    0.1941
   -0.1886    1.0975
    1.4686   -0.0005
    1.9981    1.1561
    2.0249    0.7667
    2.0081    0.0546
    1.4857   -0.2347
    1.4184   -1.6662
    2.3930   -0.3252
    0.0610   -1.8704
    2.0342   -2.0501
    0.5523   -0.9018
   -0.7991   -1.2990
   -2.7791   -0.2625
   -2.1212    0.2284
   -1.8151    0.6424
   -1.2904    0.1545
   -2.1196    0.9703
   -0.7323    0.9908
   -0.8960    1.4679
    1.7302    1.2176
    2.3323    1.0775
    2.0664    0.2541
    2.3299   -0.0338
    2.1683    0.2920
    1.2035   -1.4959
    1.5007   -0.8775
    0.7062   -1.4168
    0.2399   -1.0865
    0.7983   -0.6172
   -1.4062   -0.3967
   -1.9705   -0.9559
   -1.3631   -0.3275
   -1.3702    0.2982
   -1.3165    0.3683
   -0.6459    0.9082
   -0.4809    1.1491
   -0.1056    0.5921
    1.4264    0.8459
    1.6757   -0.4546
    2.4930    0.8772
