 -1.0814582  0.691529957
 -0.4590270  1.373635687
  1.9491131  0.705965680
  1.6861482  0.331597827
  2.1917289  0.416171595
  1.6511574  0.386498721
  1.5270002 -0.326018528
  1.6071322 -0.364683778
  1.1806846 -0.720766847
  1.4051350 -0.593180589
  0.7746224 -1.054786714
  0.1546113 -0.861256060
 -1.2748923 -0.661905697
 -1.7311378 -0.679282405
 -1.6563500  0.033977847
 -1.4561675  0.169771306
 -1.1935144  0.673646526
 -1.0487733  0.838558391
 -1.0263635  0.887586708
 -0.1845691  1.180068425
  1.8314867  0.897412177
  1.9333598  0.643987476
  2.1712407  0.396281025
  1.8172140  0.066289332
  1.4071526 -0.112181605
  1.7964315 -0.280047370
  1.6642647 -1.085734929
  0.9632107 -0.641076139
  1.3661332 -1.063685349
  0.5074190 -1.035563996
 -1.5782592 -1.206715163
 -2.3331424 -0.315657228
 -1.8798911 -0.004949118
 -1.9083767  0.299180720
 -1.4582235  0.473383327
 -1.5076497  0.956040836
 -0.9582180  1.047457039
 -0.1342143  1.087964090
  1.6034991  0.877367489
  2.1642642  0.946088132
  1.8030279  0.118062879
