  1.2903319e+002
  1.2903292e+002
  1.2903284e+002
  1.2903297e+002
  1.2903400e+002
  1.2903527e+002
  1.2903672e+002
  1.2903867e+002
  1.2904098e+002
  1.2904271e+002
  1.2904384e+002
  1.2904491e+002
  1.2904506e+002
  1.2904508e+002
  1.2904453e+002
  1.2904398e+002
  1.2904280e+002
  1.2904201e+002
  1.2904071e+002
  1.2903958e+002
  1.2903831e+002
  1.2903718e+002
  1.2903660e+002
  1.2903574e+002
  1.2903520e+002
  1.2903485e+002
  1.2903461e+002
  1.2903511e+002
  1.2903600e+002
  1.2903729e+002
  1.2903871e+002
  1.2904079e+002
  1.2904298e+002
  1.2904471e+002
  1.2904613e+002
  1.2904722e+002
  1.2904764e+002
  1.2904759e+002
  1.2904704e+002
  1.2904653e+002
  1.2904585e+002
  1.2904484e+002
  1.2904373e+002
  1.2904232e+002
  1.2904152e+002
  1.2904060e+002
  1.2903979e+002
  1.2903856e+002
  1.2904548e+002
  1.2903290e+002
  1.2902752e+002
  1.2902506e+002
  1.2902297e+002
  1.2902117e+002
  1.2902225e+002
  1.2902258e+002
  1.2902174e+002
  1.2902361e+002
  1.2902541e+002
  1.2902420e+002
  1.2902882e+002
  1.2903049e+002
  1.2903281e+002
  1.2903490e+002
  1.2903675e+002
  1.2903838e+002
  1.2904041e+002
  1.2904070e+002
  1.2904122e+002
  1.2904258e+002
  1.2904076e+002
  1.2903649e+002
  1.2903064e+002
  1.2902527e+002
  1.2901990e+002
  1.2901748e+002
  1.2901666e+002
  1.2901498e+002
  1.2901634e+002
  1.2901534e+002
  1.2901336e+002
  1.2901397e+002
  1.2901312e+002
  1.2901326e+002
  1.2901506e+002
  1.2901664e+002
  1.2901907e+002
  1.2902010e+002
  1.2902107e+002
  1.2902262e+002
  1.2902316e+002
  1.2902466e+002
  1.2902516e+002
  1.2902672e+002
  1.2902727e+002
  1.2902237e+002
  1.2901728e+002
  1.2901015e+002
  1.2900459e+002
  1.2900159e+002
  1.2900075e+002
  1.2899848e+002
  1.2899720e+002
  1.2899743e+002
  1.2899643e+002
  1.2899506e+002
  1.2899361e+002
  1.2899360e+002
  1.2899527e+002
  1.2899758e+002
  1.2900169e+002
  1.2900403e+002
  1.2900468e+002
  1.2900654e+002
  1.2900800e+002
  1.2900989e+002
  1.2901175e+002
  1.2901223e+002
  1.2901324e+002
  1.2900740e+002
  1.2900395e+002
  1.2899576e+002
  1.2898998e+002
  1.2898622e+002
  1.2898539e+002
  1.2898501e+002
  1.2898492e+002
  1.2898364e+002
  1.2898392e+002
  1.2898377e+002
  1.2898371e+002
  1.2898370e+002
  1.2898688e+002
  1.2898947e+002
  1.2899058e+002
  1.2899409e+002
  1.2899582e+002
  1.2899785e+002
  1.2899979e+002
  1.2900176e+002
  1.2900194e+002
  1.2900369e+002
  1.2900339e+002
  1.2900230e+002
  1.2899594e+002
  1.2899173e+002
  1.2898819e+002
  1.2898546e+002
  1.2898472e+002
  1.2898649e+002
  1.2898863e+002
  1.2898871e+002
  1.2899028e+002
  1.2898822e+002
  1.2898729e+002
  1.2898635e+002
  1.2898723e+002
  1.2898853e+002
  1.2899025e+002
  1.2899041e+002
  1.2899135e+002
  1.2899380e+002
  1.2899327e+002
  1.2899691e+002
  1.2899771e+002
  1.2899819e+002
  1.2900107e+002
  1.2899924e+002
  1.2899638e+002
  1.2899095e+002
  1.2898441e+002
  1.2897925e+002
  1.2897397e+002
  1.2897321e+002
  1.2897255e+002
  1.2897200e+002
  1.2896794e+002
  1.2896482e+002
  1.2896282e+002
  1.2896450e+002
  1.2896683e+002
  1.2896858e+002
  1.2897136e+002
  1.2897165e+002
  1.2897561e+002
  1.2897672e+002
  1.2898049e+002
  1.2898447e+002
  1.2898837e+002
  1.2898977e+002
  1.2899211e+002
  1.2899105e+002
  1.2898503e+002
  1.2897806e+002
  1.2896850e+002
  1.2896430e+002
  1.2896057e+002
  1.2895871e+002
  1.2895592e+002
  1.2895454e+002
  1.2895444e+002
  1.2895465e+002
  1.2895332e+002
  1.2895549e+002
  1.2895737e+002
  1.2895979e+002
  1.2896203e+002
  1.2896539e+002
  1.2896697e+002
  1.2897140e+002
  1.2897248e+002
  1.2897395e+002
  1.2897692e+002
  1.2897996e+002
  1.2898321e+002
  1.2898004e+002
  1.2897410e+002
  1.2896554e+002
  1.2895773e+002
  1.2895214e+002
  1.2895017e+002
  1.2894840e+002
  1.2894808e+002
  1.2894734e+002
  1.2894880e+002
  1.2894880e+002
  1.2895032e+002
  1.2895000e+002
  1.2895234e+002
  1.2895245e+002
  1.2895633e+002
  1.2895826e+002
  1.2895920e+002
  1.2896096e+002
  1.2896210e+002
  1.2896347e+002
  1.2897039e+002
  1.2897326e+002
  1.2897371e+002
  1.2897081e+002
  1.2896534e+002
  1.2895946e+002
  1.2895528e+002
  1.2895394e+002
  1.2895337e+002
  1.2895258e+002
  1.2895157e+002
  1.2895184e+002
  1.2895251e+002
  1.2895171e+002
  1.2895094e+002
  1.2894974e+002
  1.2895024e+002
  1.2895093e+002
  1.2895207e+002
  1.2895293e+002
  1.2895488e+002
  1.2895515e+002
  1.2895675e+002
  1.2895824e+002
  1.2895980e+002
  1.2896168e+002
  1.2896007e+002
  1.2895759e+002
  1.2895163e+002
  1.2894587e+002
  1.2894248e+002
  1.2894005e+002
  1.2894068e+002
  1.2894120e+002
  1.2893989e+002
  1.2894008e+002
  1.2894155e+002
  1.2894184e+002
  1.2894336e+002
  1.2894324e+002
  1.2894503e+002
  1.2894681e+002
  1.2894814e+002
  1.2895136e+002
  1.2895321e+002
  1.2895597e+002
  1.2895496e+002
  1.2895793e+002
  1.2896042e+002
  1.2896237e+002
  1.2896373e+002
  1.2896353e+002
  1.2896009e+002
  1.2895564e+002
  1.2894913e+002
  1.2894575e+002
  1.2894389e+002
  1.2894186e+002
  1.2894038e+002
  1.2894065e+002
  1.2893946e+002
  1.2893929e+002
  1.2893926e+002
  1.2893986e+002
  1.2894151e+002
  1.2894401e+002
  1.2894604e+002
  1.2894768e+002
  1.2894933e+002
  1.2895220e+002
  1.2895236e+002
  1.2895384e+002
  1.2895552e+002
  1.2895687e+002
  1.2896010e+002
  1.2895841e+002
  1.2895607e+002
  1.2895029e+002
  1.2894609e+002
  1.2894190e+002
  1.2893994e+002
  1.2894044e+002
  1.2893978e+002
  1.2893995e+002
  1.2894013e+002
  1.2893757e+002
  1.2893613e+002
  1.2893699e+002
  1.2893729e+002
  1.2893841e+002
  1.2894044e+002
  1.2894248e+002
  1.2894265e+002
  1.2894539e+002
  1.2894557e+002
  1.2894714e+002
  1.2894861e+002
  1.2894907e+002
  1.2895024e+002
  1.2895004e+002
  1.2894539e+002
  1.2894209e+002
  1.2893770e+002
  1.2893497e+002
  1.2893650e+002
  1.2893603e+002
  1.2893455e+002
  1.2893465e+002
  1.2893366e+002
  1.2893249e+002
  1.2893134e+002
  1.2893005e+002
  1.2892962e+002
  1.2892975e+002
  1.2893217e+002
  1.2893173e+002
  1.2893228e+002
  1.2893402e+002
  1.2893559e+002
  1.2893626e+002
  1.2893755e+002
  1.2893692e+002
  1.2893728e+002
  1.2893846e+002
  1.2893256e+002
  1.2892818e+002
  1.2892417e+002
  1.2892265e+002
  1.2892180e+002
  1.2892124e+002
  1.2892234e+002
  1.2892024e+002
  1.2892026e+002
  1.2891762e+002
  1.2891778e+002
  1.2891638e+002
  1.2891676e+002
  1.2891827e+002
  1.2891822e+002
  1.2891987e+002
  1.2891934e+002
  1.2892119e+002
  1.2892087e+002
  1.2892137e+002
  1.2892186e+002
  1.2892122e+002
  1.2892307e+002
  1.2892132e+002
  1.2892227e+002
  1.2892171e+002
  1.2891866e+002
  1.2891697e+002
  1.2891520e+002
  1.2891369e+002
  1.2890943e+002
  1.2890932e+002
  1.2890562e+002
  1.2890510e+002
  1.2890293e+002
  1.2890436e+002
  1.2890696e+002
  1.2890819e+002
  1.2891061e+002
  1.2891393e+002
  1.2891477e+002
  1.2891789e+002
  1.2891855e+002
  1.2892058e+002
  1.2892390e+002
  1.2892502e+002
  1.2892642e+002
  1.2892705e+002
  1.2892686e+002
  1.2892397e+002
  1.2891987e+002
  1.2891434e+002
  1.2890989e+002
  1.2890783e+002
  1.2890515e+002
  1.2890485e+002
  1.2890370e+002
  1.2890275e+002
  1.2890271e+002
  1.2890080e+002
  1.2890090e+002
  1.2890212e+002
  1.2890415e+002
  1.2890450e+002
  1.2890614e+002
  1.2890769e+002
  1.2891063e+002
  1.2891191e+002
  1.2891347e+002
  1.2891522e+002
  1.2891465e+002
  1.2891536e+002
  1.2891438e+002
  1.2890970e+002
  1.2890645e+002
  1.2890373e+002
  1.2890354e+002
  1.2890367e+002
  1.2890443e+002
  1.2890451e+002
  1.2890471e+002
  1.2890374e+002
  1.2890040e+002
  1.2889880e+002
  1.2889960e+002
  1.2889989e+002
  1.2890159e+002
  1.2890244e+002
  1.2890348e+002
  1.2890413e+002
  1.2890330e+002
  1.2890505e+002
  1.2890662e+002
  1.2890570e+002
  1.2890725e+002
  1.2890604e+002
  1.2890266e+002
  1.2889698e+002
  1.2889259e+002
  1.2889253e+002
  1.2889137e+002
  1.2889324e+002
  1.2889320e+002
  1.2889427e+002
  1.2889325e+002
  1.2889363e+002
  1.2889249e+002
  1.2889483e+002
  1.2889560e+002
  1.2889601e+002
  1.2889704e+002
  1.2889843e+002
  1.2890035e+002
  1.2890220e+002
  1.2890384e+002
  1.2890413e+002
  1.2890689e+002
  1.2890844e+002
  1.2890770e+002
  1.2890702e+002
  1.2890254e+002
  1.2889786e+002
  1.2889326e+002
  1.2889063e+002
  1.2889097e+002
  1.2889065e+002
  1.2888916e+002
  1.2888824e+002
  1.2888816e+002
  1.2888746e+002
  1.2888731e+002
  1.2888587e+002
  1.2888656e+002
  1.2888797e+002
  1.2888801e+002
  1.2889024e+002
  1.2889007e+002
  1.2889203e+002
  1.2889241e+002
  1.2889399e+002
  1.2889447e+002
  1.2889465e+002
  1.2889609e+002
  1.2889434e+002
  1.2889207e+002
  1.2888630e+002
  1.2887970e+002
  1.2887868e+002
  1.2887775e+002
  1.2887716e+002
  1.2887468e+002
  1.2887459e+002
  1.2887258e+002
  1.2887383e+002
  1.2887269e+002
  1.2887227e+002
  1.2887396e+002
  1.2887568e+002
  1.2887691e+002
  1.2887923e+002
  1.2888246e+002
  1.2888343e+002
  1.2888500e+002
  1.2888648e+002
  1.2888588e+002
  1.2888666e+002
  1.2888852e+002
  1.2888900e+002
  1.2888973e+002
  1.2889275e+002
  1.2889117e+002
  1.2889271e+002
  1.2889249e+002
  1.2889199e+002
  1.2889018e+002
  1.2888863e+002
  1.2888611e+002
  1.2888331e+002
  1.2888103e+002
  1.2888427e+002
  1.2888886e+002
  1.2889877e+002
  1.2891036e+002
  1.2892544e+002
  1.2894032e+002
  1.2895008e+002
  1.2896446e+002
  1.2897483e+002
  1.2898077e+002
  1.2898871e+002
  1.2899413e+002
  1.2899858e+002
  1.2900221e+002
  1.2900453e+002
  1.2900679e+002
  1.2901009e+002
  1.2901126e+002
  1.2901234e+002
  1.2900576e+002
  1.2900046e+002
  1.2900061e+002
  1.2899852e+002
  1.2899665e+002
  1.2899865e+002
  1.2899769e+002
  1.2899768e+002
  1.2899652e+002
  1.2899782e+002
  1.2899754e+002
  1.2899798e+002
  1.2900009e+002
  1.2899955e+002
  1.2900050e+002
  1.2900162e+002
  1.2900263e+002
  1.2900225e+002
  1.2900287e+002
  1.2900097e+002
  1.2899956e+002
  1.2899712e+002
  1.2899498e+002
  1.2899299e+002
  1.2899220e+002
  1.2899081e+002
  1.2898791e+002
  1.2898635e+002
  1.2898465e+002
  1.2898293e+002
  1.2898175e+002
  1.2898287e+002
  1.2897994e+002
  1.2898159e+002
  1.2898314e+002
  1.2898231e+002
  1.2898486e+002
  1.2898492e+002
  1.2898430e+002
  1.2898604e+002
  1.2898667e+002
  1.2898610e+002
  1.2898304e+002
  1.2897967e+002
  1.2897649e+002
  1.2897403e+002
  1.2897307e+002
  1.2896992e+002
  1.2896715e+002
  1.2896484e+002
  1.2896383e+002
  1.2895913e+002
  1.2895699e+002
  1.2895519e+002
  1.2895567e+002
  1.2895399e+002
  1.2895419e+002
  1.2895493e+002
  1.2895458e+002
  1.2895314e+002
  1.2895299e+002
  1.2895082e+002
  1.2895030e+002
  1.2895123e+002
  1.2895000e+002
  1.2894836e+002
  1.2894649e+002
  1.2894379e+002
  1.2894070e+002
  1.2893490e+002
  1.2893383e+002
  1.2892977e+002
  1.2892717e+002
  1.2892597e+002
  1.2892369e+002
  1.2892125e+002
  1.2891772e+002
  1.2891811e+002
  1.2891623e+002
  1.2891773e+002
  1.2891757e+002
  1.2891704e+002
  1.2891891e+002
  1.2892037e+002
  1.2892063e+002
  1.2892082e+002
  1.2892002e+002
  1.2892050e+002
  1.2892067e+002
  1.2891928e+002
  1.2891624e+002
  1.2891553e+002
  1.2891107e+002
  1.2890627e+002
  1.2890400e+002
  1.2890306e+002
  1.2889808e+002
  1.2889663e+002
  1.2889615e+002
  1.2889478e+002
  1.2889307e+002
  1.2889385e+002
  1.2889435e+002
  1.2889575e+002
  1.2889787e+002
  1.2889871e+002
  1.2890172e+002
  1.2890228e+002
  1.2890285e+002
  1.2890303e+002
  1.2890388e+002
  1.2890479e+002
  1.2890782e+002
  1.2890606e+002
  1.2890696e+002
  1.2890516e+002
  1.2890338e+002
  1.2889974e+002
  1.2889519e+002
  1.2889183e+002
  1.2889134e+002
  1.2888839e+002
  1.2888642e+002
  1.2888467e+002
  1.2888295e+002
  1.2888184e+002
  1.2888403e+002
  1.2888494e+002
  1.2888767e+002
  1.2888920e+002
  1.2889294e+002
  1.2889440e+002
  1.2889685e+002
  1.2889978e+002
  1.2889989e+002
  1.2890174e+002
  1.2890237e+002
  1.2890103e+002
  1.2890037e+002
  1.2889452e+002
  1.2889080e+002
  1.2888424e+002
  1.2888120e+002
  1.2888042e+002
  1.2887725e+002
  1.2887311e+002
  1.2887194e+002
  1.2886812e+002
  1.2886417e+002
  1.2886376e+002
  1.2886489e+002
  1.2886483e+002
  1.2886669e+002
  1.2886794e+002
  1.2886821e+002
  1.2886859e+002
  1.2887243e+002
  1.2887260e+002
  1.2887399e+002
  1.2887444e+002
  1.2887518e+002
  1.2887541e+002
  1.2887464e+002
  1.2887196e+002
  1.2886588e+002
  1.2886352e+002
  1.2886099e+002
  1.2885684e+002
  1.2885764e+002
  1.2885724e+002
  1.2885831e+002
  1.2885686e+002
  1.2885782e+002
  1.2885756e+002
  1.2885569e+002
  1.2885729e+002
  1.2885732e+002
  1.2885946e+002
  1.2885900e+002
  1.2886232e+002
  1.2886147e+002
  1.2886213e+002
  1.2886391e+002
  1.2886555e+002
  1.2886492e+002
  1.2886197e+002
  1.2885851e+002
  1.2885225e+002
  1.2884823e+002
  1.2884680e+002
  1.2884583e+002
  1.2884423e+002
  1.2884266e+002
  1.2884254e+002
  1.2884254e+002
  1.2884027e+002
  1.2884281e+002
  1.2884239e+002
  1.2884215e+002
  1.2884345e+002
  1.2884467e+002
  1.2884439e+002
  1.2884425e+002
  1.2884511e+002
  1.2884577e+002
  1.2884742e+002
  1.2884808e+002
  1.2884867e+002
  1.2884783e+002
  1.2884688e+002
  1.2884123e+002
  1.2883539e+002
  1.2883148e+002
  1.2883138e+002
  1.2882786e+002
  1.2882757e+002
  1.2882589e+002
  1.2882121e+002
  1.2882371e+002
  1.2882374e+002
  1.2882250e+002
  1.2882090e+002
  1.2882048e+002
  1.2882195e+002
  1.2882337e+002
  1.2882540e+002
  1.2882585e+002
  1.2882770e+002
  1.2882938e+002
  1.2883194e+002
  1.2883261e+002
  1.2883290e+002
  1.2883594e+002
  1.2883628e+002
  1.2883698e+002
  1.2883242e+002
  1.2882555e+002
  1.2882511e+002
  1.2882107e+002
  1.2881990e+002
  1.2881713e+002
  1.2881318e+002
  1.2881605e+002
  1.2881359e+002
  1.2881297e+002
  1.2881311e+002
  1.2881446e+002
  1.2881812e+002
  1.2882050e+002
  1.2882277e+002
  1.2882378e+002
  1.2882458e+002
  1.2882990e+002
  1.2883202e+002
  1.2883552e+002
  1.2883913e+002
  1.2884655e+002
  1.2884962e+002
  1.2885426e+002
  1.2885886e+002
  1.2886217e+002
  1.2886255e+002
  1.2886573e+002
  1.2886451e+002
  1.2886560e+002
  1.2886575e+002
  1.2886436e+002
  1.2886623e+002
  1.2887066e+002
  1.2887636e+002
  1.2888098e+002
  1.2888657e+002
  1.2889110e+002
  1.2889405e+002
  1.2889709e+002
  1.2890134e+002
  1.2890449e+002
  1.2890605e+002
  1.2890941e+002
  1.2891056e+002
  1.2891133e+002
  1.2891227e+002
  1.2891469e+002
  1.2891571e+002
  1.2891436e+002
  1.2891220e+002
  1.2890882e+002
  1.2890524e+002
  1.2889877e+002
  1.2888860e+002
  1.2888799e+002
  1.2888272e+002
  1.2887635e+002
  1.2887308e+002
  1.2887081e+002
  1.2886945e+002
  1.2886821e+002
  1.2886884e+002
  1.2886968e+002
  1.2887034e+002
  1.2887020e+002
  1.2886827e+002
  1.2886813e+002
  1.2886788e+002
  1.2886752e+002
  1.2886710e+002
  1.2886584e+002
  1.2886566e+002
  1.2886430e+002
  1.2886423e+002
  1.2886674e+002
  1.2887035e+002
  1.2887763e+002
  1.2888382e+002
  1.2889129e+002
  1.2889878e+002
  1.2890409e+002
  1.2891137e+002
  1.2891918e+002
  1.2892419e+002
  1.2893157e+002
  1.2893616e+002
  1.2893948e+002
  1.2894405e+002
  1.2894597e+002
  1.2894947e+002
  1.2895290e+002
  1.2895510e+002
  1.2895720e+002
  1.2895962e+002
  1.2896053e+002
  1.2895805e+002
  1.2896011e+002
  1.2895907e+002
  1.2895920e+002
  1.2895824e+002
  1.2895729e+002
  1.2895423e+002
  1.2895020e+002
  1.2894912e+002
  1.2895087e+002
  1.2895005e+002
  1.2895023e+002
  1.2895011e+002
  1.2895258e+002
  1.2895219e+002
  1.2895519e+002
  1.2895600e+002
  1.2895768e+002
  1.2895831e+002
  1.2896021e+002
  1.2896176e+002
  1.2896228e+002
  1.2896525e+002
  1.2896226e+002
  1.2896374e+002
  1.2896090e+002
  1.2896036e+002
  1.2895941e+002
  1.2895686e+002
  1.2895616e+002
  1.2895330e+002
  1.2895260e+002
  1.2894728e+002
  1.2894949e+002
  1.2895085e+002
  1.2894993e+002
  1.2895112e+002
  1.2895251e+002
  1.2895233e+002
  1.2895336e+002
  1.2895417e+002
  1.2895390e+002
  1.2895504e+002
  1.2895479e+002
  1.2895354e+002
  1.2895337e+002
  1.2895123e+002
  1.2894592e+002
  1.2894710e+002
  1.2894542e+002
  1.2894329e+002
  1.2894078e+002
  1.2893725e+002
  1.2893502e+002
  1.2893197e+002
  1.2892796e+002
  1.2892365e+002
  1.2892304e+002
  1.2892184e+002
  1.2892299e+002
  1.2892241e+002
  1.2892095e+002
  1.2892121e+002
  1.2892195e+002
  1.2892239e+002
  1.2892433e+002
  1.2892400e+002
  1.2892335e+002
  1.2892304e+002
  1.2892111e+002
  1.2891736e+002
  1.2891355e+002
  1.2891435e+002
  1.2891136e+002
  1.2891124e+002
  1.2890644e+002
  1.2890430e+002
  1.2889995e+002
  1.2889505e+002
  1.2889777e+002
  1.2889787e+002
  1.2890067e+002
  1.2890169e+002
  1.2890242e+002
  1.2890434e+002
  1.2890717e+002
  1.2890910e+002
  1.2891083e+002
  1.2891247e+002
  1.2891410e+002
  1.2891467e+002
  1.2891326e+002
  1.2891300e+002
  1.2891275e+002
  1.2891390e+002
  1.2891344e+002
  1.2891598e+002
  1.2891792e+002
  1.2892302e+002
  1.2893283e+002
  1.2894049e+002
  1.2894449e+002
  1.2894767e+002
  1.2894799e+002
  1.2894496e+002
  1.2894705e+002
  1.2894936e+002
  1.2895059e+002
  1.2895163e+002
  1.2895001e+002
  1.2895194e+002
  1.2895388e+002
  1.2895562e+002
  1.2895657e+002
  1.2895740e+002
  1.2895826e+002
  1.2895931e+002
  1.2895997e+002
  1.2895959e+002
  1.2895694e+002
  1.2895762e+002
  1.2895342e+002
  1.2894969e+002
  1.2894465e+002
  1.2894091e+002
  1.2893821e+002
  1.2893359e+002
  1.2893199e+002
  1.2892660e+002
  1.2892515e+002
  1.2892651e+002
  1.2892759e+002
  1.2892881e+002
  1.2892835e+002
  1.2892908e+002
  1.2892981e+002
  1.2893136e+002
  1.2893210e+002
  1.2893483e+002
  1.2893293e+002
  1.2893376e+002
  1.2893459e+002
  1.2893394e+002
  1.2893346e+002
  1.2893136e+002
  1.2892468e+002
  1.2892135e+002
  1.2891912e+002
  1.2891703e+002
  1.2891536e+002
  1.2891257e+002
  1.2891108e+002
  1.2890963e+002
  1.2890326e+002
  1.2890281e+002
  1.2890092e+002
  1.2890102e+002
  1.2890314e+002
  1.2890288e+002
  1.2890481e+002
  1.2890525e+002
  1.2890493e+002
  1.2890537e+002
  1.2890484e+002
  1.2890420e+002
  1.2890057e+002
  1.2889991e+002
  1.2890310e+002
  1.2890069e+002
  1.2889777e+002
  1.2889425e+002
  1.2889418e+002
  1.2889340e+002
  1.2889408e+002
  1.2889142e+002
  1.2888993e+002
  1.2888857e+002
  1.2888693e+002
  1.2888620e+002
  1.2888291e+002
  1.2888550e+002
  1.2888789e+002
  1.2888998e+002
  1.2889397e+002
  1.2889577e+002
  1.2889859e+002
  1.2890140e+002
  1.2890196e+002
  1.2890495e+002
  1.2890429e+002
  1.2891085e+002
  1.2891096e+002
  1.2890753e+002
  1.2890291e+002
  1.2889878e+002
  1.2889372e+002
  1.2888753e+002
  1.2888298e+002
  1.2887878e+002
  1.2887422e+002
  1.2887004e+002
  1.2887048e+002
  1.2886954e+002
  1.2886951e+002
  1.2886930e+002
  1.2886783e+002
  1.2887132e+002
  1.2887605e+002
  1.2888090e+002
  1.2888107e+002
  1.2888593e+002
  1.2888900e+002
  1.2888965e+002
  1.2889287e+002
  1.2889724e+002
  1.2889803e+002
  1.2889348e+002
  1.2889187e+002
  1.2888521e+002
  1.2887901e+002
  1.2887150e+002
  1.2886689e+002
  1.2886255e+002
  1.2886203e+002
  1.2886151e+002
  1.2885829e+002
  1.2885846e+002
  1.2885838e+002
  1.2885987e+002
  1.2885942e+002
  1.2886334e+002
  1.2886666e+002
  1.2886762e+002
  1.2886965e+002
  1.2887161e+002
  1.2887366e+002
  1.2887579e+002
  1.2887911e+002
  1.2888124e+002
  1.2888118e+002
  1.2887701e+002
  1.2887210e+002
  1.2886603e+002
  1.2886273e+002
  1.2885850e+002
  1.2885557e+002
  1.2885284e+002
  1.2884981e+002
  1.2884978e+002
  1.2884675e+002
  1.2884724e+002
  1.2884652e+002
  1.2884683e+002
  1.2884825e+002
  1.2884948e+002
  1.2885069e+002
  1.2885170e+002
  1.2885293e+002
  1.2885614e+002
  1.2885588e+002
  1.2885683e+002
  1.2885766e+002
  1.2885727e+002
  1.2885531e+002
  1.2884884e+002
  1.2884582e+002
  1.2884101e+002
  1.2883621e+002
  1.2883415e+002
  1.2883040e+002
  1.2882807e+002
  1.2882452e+002
  1.2882299e+002
  1.2882109e+002
  1.2882058e+002
  1.2882078e+002
  1.2882117e+002
  1.2882348e+002
  1.2882615e+002
  1.2882598e+002
  1.2882828e+002
  1.2883031e+002
  1.2883234e+002
  1.2883209e+002
  1.2883441e+002
  1.2883436e+002
  1.2883541e+002
  1.2883361e+002
  1.2883076e+002
  1.2882843e+002
  1.2882334e+002
  1.2881925e+002
  1.2881641e+002
  1.2881208e+002
  1.2881041e+002
  1.2880908e+002
  1.2880645e+002
  1.2880606e+002
  1.2880545e+002
  1.2880556e+002
  1.2880647e+002
  1.2880791e+002
  1.2880894e+002
  1.2881166e+002
  1.2881450e+002
  1.2881622e+002
  1.2881787e+002
  1.2882091e+002
  1.2882264e+002
  1.2882369e+002
  1.2882545e+002
  1.2882487e+002
  1.2882399e+002
  1.2881989e+002
  1.2881608e+002
  1.2881213e+002
  1.2880848e+002
  1.2880569e+002
  1.2880276e+002
  1.2880119e+002
  1.2880011e+002
  1.2879830e+002
  1.2879877e+002
  1.2880053e+002
  1.2880219e+002
  1.2880338e+002
  1.2880688e+002
  1.2880850e+002
  1.2881171e+002
  1.2881384e+002
  1.2881557e+002
  1.2881770e+002
  1.2881974e+002
  1.2882196e+002
  1.2882152e+002
  1.2882243e+002
  1.2882365e+002
  1.2882304e+002
  1.2882156e+002
  1.2881853e+002
  1.2881601e+002
  1.2881017e+002
  1.2880805e+002
  1.2880452e+002
  1.2880278e+002
  1.2879987e+002
  1.2880144e+002
  1.2880064e+002
  1.2880211e+002
  1.2880453e+002
  1.2880614e+002
  1.2880844e+002
  1.2881038e+002
  1.2881251e+002
  1.2881491e+002
  1.2881725e+002
  1.2881829e+002
  1.2881942e+002
  1.2881924e+002
  1.2882035e+002
  1.2881960e+002
  1.2881947e+002
  1.2881689e+002
  1.2881318e+002
  1.2880898e+002
  1.2880653e+002
  1.2880293e+002
  1.2879922e+002
  1.2879700e+002
  1.2879618e+002
  1.2879499e+002
  1.2879618e+002
  1.2879568e+002
  1.2879807e+002
  1.2879880e+002
  1.2880090e+002
  1.2880411e+002
  1.2880753e+002
  1.2880956e+002
  1.2881389e+002
  1.2881482e+002
  1.2881827e+002
  1.2882297e+002
  1.2882750e+002
  1.2883368e+002
  1.2883998e+002
  1.2884590e+002
  1.2884989e+002
  1.2885378e+002
  1.2885905e+002
  1.2886166e+002
  1.2886443e+002
  1.2886615e+002
  1.2886776e+002
  1.2886788e+002
  1.2886909e+002
  1.2887195e+002
  1.2887159e+002
  1.2887409e+002
  1.2887411e+002
  1.2887403e+002
  1.2887515e+002
  1.2887408e+002
  1.2887394e+002
  1.2887397e+002
  1.2887427e+002
  1.2887292e+002
  1.2887166e+002
  1.2887077e+002
  1.2887058e+002
  1.2886900e+002
  1.2887035e+002
  1.2886914e+002
  1.2886781e+002
  1.2886539e+002
  1.2886210e+002
  1.2886026e+002
  1.2885799e+002
  1.2885698e+002
  1.2885677e+002
  1.2885579e+002
  1.2885658e+002
  1.2885729e+002
  1.2886059e+002
  1.2885973e+002
  1.2886144e+002
  1.2886216e+002
  1.2886310e+002
  1.2886128e+002
  1.2886082e+002
  1.2886270e+002
  1.2886222e+002
  1.2885976e+002
  1.2885705e+002
  1.2885582e+002
  1.2885329e+002
  1.2884834e+002
  1.2884537e+002
  1.2884312e+002
  1.2883766e+002
  1.2883315e+002
  1.2883144e+002
  1.2882765e+002
  1.2882771e+002
  1.2882771e+002
  1.2882734e+002
  1.2882823e+002
  1.2882907e+002
  1.2882880e+002
  1.2883080e+002
  1.2883195e+002
  1.2883189e+002
  1.2883422e+002
  1.2883279e+002
  1.2883410e+002
  1.2883229e+002
  1.2883232e+002
  1.2883353e+002
  1.2883217e+002
  1.2883347e+002
  1.2883426e+002
  1.2883325e+002
  1.2882936e+002
  1.2882953e+002
  1.2882488e+002
  1.2882164e+002
  1.2882174e+002
  1.2882056e+002
  1.2882038e+002
  1.2882149e+002
  1.2882085e+002
  1.2882287e+002
  1.2882342e+002
  1.2882408e+002
  1.2882246e+002
  1.2882084e+002
  1.2882051e+002
  1.2881879e+002
  1.2881863e+002
  1.2881718e+002
  1.2881450e+002
  1.2881144e+002
  1.2881276e+002
  1.2880896e+002
  1.2880807e+002
  1.2880500e+002
  1.2879978e+002
  1.2879804e+002
  1.2879305e+002
  1.2879144e+002
  1.2879036e+002
  1.2878909e+002
  1.2879032e+002
  1.2878996e+002
  1.2878960e+002
  1.2879232e+002
  1.2879388e+002
  1.2879432e+002
  1.2879469e+002
  1.2879625e+002
  1.2879631e+002
  1.2880021e+002
  1.2880166e+002
  1.2880364e+002
  1.2880246e+002
  1.2880034e+002
  1.2879859e+002
  1.2879712e+002
  1.2879703e+002
  1.2879613e+002
  1.2879287e+002
  1.2879240e+002
  1.2879039e+002
  1.2879124e+002
  1.2879004e+002
  1.2878987e+002
  1.2879088e+002
  1.2879150e+002
  1.2879205e+002
  1.2879389e+002
  1.2879534e+002
  1.2879708e+002
  1.2879764e+002
  1.2879929e+002
  1.2879987e+002
  1.2879916e+002
  1.2879965e+002
  1.2880073e+002
  1.2879845e+002
  1.2879543e+002
  1.2879150e+002
  1.2878796e+002
  1.2878540e+002
  1.2878352e+002
  1.2878166e+002
  1.2877928e+002
  1.2877736e+002
  1.2877566e+002
  1.2877353e+002
  1.2877354e+002
  1.2877367e+002
  1.2877301e+002
  1.2877247e+002
  1.2877537e+002
  1.2877461e+002
  1.2877617e+002
  1.2877802e+002
  1.2877996e+002
  1.2877916e+002
  1.2878229e+002
  1.2878154e+002
  1.2878041e+002
  1.2877814e+002
  1.2877376e+002
  1.2876922e+002
  1.2876410e+002
  1.2876082e+002
  1.2875618e+002
  1.2875201e+002
  1.2874936e+002
  1.2874920e+002
  1.2874839e+002
  1.2874898e+002
  1.2874911e+002
  1.2875071e+002
  1.2875068e+002
  1.2875291e+002
  1.2875385e+002
  1.2875429e+002
  1.2875604e+002
  1.2875661e+002
  1.2875757e+002
  1.2875925e+002
  1.2876130e+002
  1.2876094e+002
  1.2876164e+002
  1.2875589e+002
  1.2875078e+002
  1.2874565e+002
  1.2874190e+002
  1.2873865e+002
  1.2873458e+002
  1.2873183e+002
  1.2872789e+002
  1.2872485e+002
  1.2872223e+002
  1.2872152e+002
  1.2871924e+002
  1.2872053e+002
  1.2872158e+002
  1.2872251e+002
  1.2872342e+002
  1.2872656e+002
  1.2872701e+002
  1.2872906e+002
  1.2873140e+002
  1.2873337e+002
  1.2873401e+002
  1.2873607e+002
  1.2873468e+002
  1.2873279e+002
  1.2872898e+002
  1.2872228e+002
  1.2872031e+002
  1.2871696e+002
  1.2871407e+002
  1.2871101e+002
  1.2870935e+002
  1.2870781e+002
  1.2870606e+002
  1.2870533e+002
  1.2870532e+002
  1.2870640e+002
  1.2870699e+002
  1.2870761e+002
  1.2870821e+002
  1.2870963e+002
  1.2871003e+002
  1.2871146e+002
  1.2871470e+002
  1.2871543e+002
  1.2871734e+002
  1.2871795e+002
  1.2871926e+002
  1.2871435e+002
  1.2871027e+002
  1.2870173e+002
  1.2869769e+002
  1.2869364e+002
  1.2869227e+002
  1.2868981e+002
  1.2868975e+002
  1.2869107e+002
  1.2868975e+002
  1.2868904e+002
  1.2869111e+002
  1.2869282e+002
  1.2869544e+002
  1.2869669e+002
  1.2869893e+002
  1.2870127e+002
  1.2870196e+002
  1.2870553e+002
  1.2870818e+002
  1.2871034e+002
  1.2871133e+002
  1.2871496e+002
  1.2871372e+002
  1.2871375e+002
  1.2870860e+002
  1.2870407e+002
  1.2869945e+002
  1.2869772e+002
  1.2869358e+002
  1.2869132e+002
  1.2868732e+002
  1.2868540e+002
  1.2868408e+002
  1.2868231e+002
  1.2868113e+002
  1.2868042e+002
  1.2868122e+002
  1.2868056e+002
  1.2868229e+002
  1.2868374e+002
  1.2868556e+002
  1.2868731e+002
  1.2868995e+002
  1.2869059e+002
  1.2869370e+002
  1.2869394e+002
  1.2869342e+002
  1.2869282e+002
  1.2869100e+002
  1.2868870e+002
  1.2868736e+002
  1.2868581e+002
  1.2868707e+002
  1.2868942e+002
  1.2868907e+002
  1.2869135e+002
  1.2869482e+002
  1.2870017e+002
  1.2870864e+002
  1.2871910e+002
  1.2874902e+002
  1.2878523e+002
  1.2882234e+002
  1.2885986e+002
  1.2888907e+002
  1.2891212e+002
  1.2893606e+002
  1.2895883e+002
  1.2897979e+002
  1.2900135e+002
  1.2902375e+002
  1.2905864e+002
  1.2910969e+002
  1.2917264e+002
  1.2921745e+002
  1.2923745e+002
  1.2924259e+002
  1.2923494e+002
  1.2922505e+002
  1.2921399e+002
  1.2920552e+002
  1.2919674e+002
  1.2919314e+002
  1.2918747e+002
  1.2918408e+002
  1.2917932e+002
  1.2917583e+002
  1.2917495e+002
  1.2917114e+002
  1.2916868e+002
  1.2916770e+002
  1.2916632e+002
  1.2916394e+002
  1.2916107e+002
  1.2915933e+002
  1.2915621e+002
  1.2915477e+002
  1.2915186e+002
  1.2915231e+002
  1.2915109e+002
  1.2915150e+002
  1.2915046e+002
  1.2914805e+002
  1.2914976e+002
  1.2914756e+002
  1.2914747e+002
  1.2914589e+002
  1.2914423e+002
  1.2914316e+002
  1.2914112e+002
  1.2914037e+002
  1.2913998e+002
  1.2913949e+002
  1.2913902e+002
  1.2913726e+002
  1.2913679e+002
  1.2913634e+002
  1.2913400e+002
  1.2913400e+002
  1.2913372e+002
  1.2913242e+002
  1.2913261e+002
  1.2912967e+002
  1.2912894e+002
  1.2912754e+002
  1.2912581e+002
  1.2912558e+002
  1.2912528e+002
  1.2912589e+002
  1.2912609e+002
  1.2912591e+002
  1.2912435e+002
  1.2912528e+002
  1.2912552e+002
  1.2912642e+002
  1.2912575e+002
  1.2912546e+002
  1.2912479e+002
  1.2912430e+002
  1.2912362e+002
  1.2912323e+002
  1.2912144e+002
  1.2912112e+002
  1.2912074e+002
  1.2911955e+002
  1.2912017e+002
  1.2912067e+002
  1.2912424e+002
  1.2913043e+002
  1.2913822e+002
  1.2914551e+002
  1.2915161e+002
  1.2915454e+002
  1.2915956e+002
  1.2916806e+002
  1.2918047e+002
  1.2918808e+002
  1.2918841e+002
  1.2919223e+002
  1.2919353e+002
  1.2919374e+002
  1.2919377e+002
  1.2919408e+002
  1.2919569e+002
  1.2919482e+002
  1.2920021e+002
  1.2920022e+002
  1.2919801e+002
  1.2919609e+002
  1.2919399e+002
  1.2919382e+002
  1.2919229e+002
  1.2919392e+002
  1.2919398e+002
  1.2919673e+002
  1.2919780e+002
  1.2920016e+002
  1.2920227e+002
  1.2920528e+002
  1.2920581e+002
  1.2920577e+002
  1.2920840e+002
  1.2920716e+002
  1.2920793e+002
  1.2920778e+002
  1.2920745e+002
  1.2920709e+002
  1.2920554e+002
  1.2920392e+002
  1.2920485e+002
  1.2920328e+002
  1.2920158e+002
  1.2919777e+002
  1.2919524e+002
  1.2919557e+002
  1.2919331e+002
  1.2919155e+002
  1.2919020e+002
  1.2919094e+002
  1.2919169e+002
  1.2919136e+002
  1.2919183e+002
  1.2919211e+002
  1.2919311e+002
  1.2919181e+002
  1.2919430e+002
  1.2919289e+002
  1.2919229e+002
  1.2919169e+002
  1.2919297e+002
  1.2919257e+002
  1.2919120e+002
  1.2919250e+002
  1.2919263e+002
  1.2919121e+002
  1.2919132e+002
  1.2919012e+002
  1.2919021e+002
  1.2918769e+002
  1.2918776e+002
  1.2918634e+002
  1.2918402e+002
  1.2918280e+002
  1.2918199e+002
  1.2918225e+002
  1.2918194e+002
  1.2918181e+002
  1.2918009e+002
  1.2917908e+002
  1.2917876e+002
  1.2917834e+002
  1.2917673e+002
  1.2917760e+002
  1.2917760e+002
  1.2917730e+002
  1.2917679e+002
  1.2917779e+002
  1.2917819e+002
  1.2917924e+002
  1.2918056e+002
  1.2918345e+002
  1.2918783e+002
  1.2919429e+002
  1.2920278e+002
  1.2921337e+002
  1.2922810e+002
  1.2924165e+002
  1.2925350e+002
  1.2926671e+002
  1.2928346e+002
  1.2929792e+002
  1.2930489e+002
  1.2930499e+002
  1.2930401e+002
  1.2930405e+002
  1.2930167e+002
  1.2930178e+002
  1.2930073e+002
  1.2929826e+002
  1.2929709e+002
  1.2929473e+002
  1.2929077e+002
  1.2928968e+002
  1.2928569e+002
  1.2928170e+002
  1.2927669e+002
  1.2927279e+002
  1.2926963e+002
  1.2926741e+002
  1.2926280e+002
  1.2926207e+002
  1.2925896e+002
  1.2925655e+002
  1.2925694e+002
  1.2925305e+002
  1.2925285e+002
  1.2925026e+002
  1.2924727e+002
  1.2924570e+002
  1.2924272e+002
  1.2924222e+002
  1.2924074e+002
  1.2923916e+002
  1.2923601e+002
  1.2923582e+002
  1.2923424e+002
  1.2923404e+002
  1.2923124e+002
  1.2923113e+002
  1.2923090e+002
  1.2922831e+002
  1.2922733e+002
  1.2922493e+002
  1.2922647e+002
  1.2922469e+002
  1.2922249e+002
  1.2922169e+002
  1.2922253e+002
  1.2922168e+002
  1.2922049e+002
  1.2921930e+002
  1.2922072e+002
  1.2921955e+002
  1.2922268e+002
  1.2922153e+002
  1.2922315e+002
  1.2922608e+002
  1.2922651e+002
  1.2922656e+002
  1.2922676e+002
  1.2922589e+002
  1.2922630e+002
  1.2922680e+002
  1.2922789e+002
  1.2922600e+002
  1.2922402e+002
  1.2922389e+002
  1.2922169e+002
  1.2922178e+002
  1.2921979e+002
  1.2922117e+002
  1.2922106e+002
  1.2922233e+002
  1.2922190e+002
  1.2922047e+002
  1.2921845e+002
  1.2921811e+002
  1.2921389e+002
  1.2921098e+002
  1.2920653e+002
  1.2920632e+002
  1.2920492e+002
  1.2920653e+002
  1.2920352e+002
  1.2920620e+002
  1.2921224e+002
  1.2921750e+002
  1.2922677e+002
  1.2923444e+002
  1.2924102e+002
  1.2925298e+002
  1.2926235e+002
  1.2927022e+002
  1.2927579e+002
  1.2927979e+002
  1.2928527e+002
  1.2928817e+002
  1.2929087e+002
  1.2929275e+002
  1.2929336e+002
  1.2929487e+002
  1.2929517e+002
  1.2929650e+002
  1.2929692e+002
  1.2929615e+002
  1.2929748e+002
  1.2929621e+002
  1.2929506e+002
  1.2929350e+002
  1.2929378e+002
  1.2929229e+002
  1.2928937e+002
  1.2928766e+002
  1.2928520e+002
  1.2928386e+002
  1.2928195e+002
  1.2928077e+002
  1.2928184e+002
  1.2928114e+002
  1.2927942e+002
  1.2927872e+002
  1.2927724e+002
  1.2927804e+002
  1.2927583e+002
  1.2927526e+002
  1.2927347e+002
  1.2927288e+002
  1.2926788e+002
  1.2926739e+002
  1.2926423e+002
  1.2926264e+002
  1.2925945e+002
  1.2925819e+002
  1.2925628e+002
  1.2925329e+002
  1.2925350e+002
  1.2925049e+002
  1.2925031e+002
  1.2924797e+002
  1.2924728e+002
  1.2925068e+002
  1.2924957e+002
  1.2925083e+002
  1.2925372e+002
  1.2926750e+002
  1.2928165e+002
  1.2929239e+002
  1.2929745e+002
  1.2929991e+002
  1.2930188e+002
  1.2930266e+002
  1.2930474e+002
  1.2930563e+002
  1.2930630e+002
  1.2930580e+002
  1.2930650e+002
  1.2930858e+002
  1.2930915e+002
  1.2930842e+002
  1.2930759e+002
  1.2930725e+002
  1.2930690e+002
  1.2930505e+002
  1.2930339e+002
  1.2930292e+002
  1.2930379e+002
  1.2930195e+002
  1.2930083e+002
  1.2929710e+002
  1.2929537e+002
  1.2929141e+002
  1.2928668e+002
  1.2928444e+002
  1.2927866e+002
  1.2927295e+002
  1.2927480e+002
  1.2926969e+002
  1.2927101e+002
  1.2927442e+002
  1.2927585e+002
  1.2927792e+002
  1.2928215e+002
  1.2928450e+002
  1.2928505e+002
  1.2928925e+002
  1.2928890e+002
  1.2928884e+002
  1.2928751e+002
  1.2928146e+002
  1.2928007e+002
  1.2927956e+002
  1.2928112e+002
  1.2928439e+002
  1.2928450e+002
  1.2929285e+002
  1.2930504e+002
  1.2933138e+002
  1.2936792e+002
  1.2940576e+002
  1.2942305e+002
  1.2943618e+002
  1.2942420e+002
  1.2941768e+002
  1.2940617e+002
  1.2939634e+002
  1.2938707e+002
  1.2937493e+002
  1.2936954e+002
  1.2936413e+002
  1.2936023e+002
  1.2935650e+002
  1.2935407e+002
  1.2935156e+002
  1.2935004e+002
  1.2934819e+002
  1.2934508e+002
  1.2934389e+002
  1.2934170e+002
  1.2933792e+002
  1.2933824e+002
  1.2933558e+002
  1.2933460e+002
  1.2933322e+002
  1.2933196e+002
  1.2933098e+002
  1.2932972e+002
  1.2932844e+002
  1.2932688e+002
  1.2932893e+002
  1.2932765e+002
  1.2933079e+002
  1.2933877e+002
  1.2934934e+002
  1.2936442e+002
  1.2938087e+002
  1.2940729e+002
  1.2942346e+002
  1.2943690e+002
  1.2944545e+002
  1.2944767e+002
  1.2944550e+002
  1.2944649e+002
  1.2944128e+002
  1.2943109e+002
  1.2942319e+002
  1.2941673e+002
  1.2941817e+002
  1.2943939e+002
  1.2947960e+002
  1.2949517e+002
  1.2948204e+002
  1.2946383e+002
  1.2944958e+002
  1.2943774e+002
  1.2942997e+002
  1.2942458e+002
  1.2941807e+002
  1.2941537e+002
  1.2941178e+002
  1.2940965e+002
  1.2940726e+002
  1.2940109e+002
  1.2939880e+002
  1.2939490e+002
  1.2939122e+002
  1.2938864e+002
  1.2938467e+002
  1.2938349e+002
  1.2937813e+002
  1.2937507e+002
  1.2937096e+002
  1.2936640e+002
  1.2936296e+002
  1.2935811e+002
  1.2935324e+002
  1.2935128e+002
  1.2934680e+002
  1.2934172e+002
  1.2933699e+002
  1.2933517e+002
  1.2933023e+002
  1.2932778e+002
  1.2932522e+002
  1.2932169e+002
  1.2932002e+002
  1.2931781e+002
  1.2931528e+002
  1.2931328e+002
  1.2931206e+002
  1.2930730e+002
  1.2930480e+002
  1.2930392e+002
  1.2930155e+002
  1.2930015e+002
  1.2929855e+002
  1.2929757e+002
  1.2929508e+002
  1.2929519e+002
  1.2929424e+002
  1.2929535e+002
  1.2930166e+002
  1.2930855e+002
  1.2931877e+002
  1.2933374e+002
  1.2935399e+002
  1.2937957e+002
  1.2940800e+002
  1.2942246e+002
  1.2943256e+002
  1.2944584e+002
  1.2944885e+002
  1.2944510e+002
  1.2943897e+002
  1.2943164e+002
  1.2942550e+002
  1.2941898e+002
  1.2941373e+002
  1.2940998e+002
  1.2940333e+002
  1.2939908e+002
  1.2939434e+002
  1.2939030e+002
  1.2938756e+002
  1.2938275e+002
  1.2937721e+002
  1.2937452e+002
  1.2937083e+002
  1.2936812e+002
  1.2936591e+002
  1.2936222e+002
  1.2935917e+002
  1.2935536e+002
  1.2935317e+002
  1.2935116e+002
  1.2934865e+002
  1.2934487e+002
  1.2934228e+002
  1.2933930e+002
  1.2933892e+002
  1.2933585e+002
  1.2933249e+002
  1.2933189e+002
  1.2932753e+002
  1.2932704e+002
  1.2932405e+002
  1.2932247e+002
  1.2932068e+002
  1.2931770e+002
  1.2931588e+002
  1.2931317e+002
  1.2931146e+002
  1.2930723e+002
  1.2930458e+002
  1.2930084e+002
  1.2930015e+002
  1.2929551e+002
  1.2929427e+002
  1.2929262e+002
  1.2929141e+002
  1.2928890e+002
  1.2928750e+002
  1.2928629e+002
  1.2928449e+002
  1.2928312e+002
  1.2927894e+002
  1.2927855e+002
  1.2927554e+002
  1.2927266e+002
  1.2927087e+002
  1.2926989e+002
  1.2926990e+002
  1.2926834e+002
  1.2926742e+002
  1.2926574e+002
  1.2926213e+002
  1.2925819e+002
  1.2925757e+002
  1.2925543e+002
  1.2925489e+002
  1.2925451e+002
  1.2925379e+002
  1.2925336e+002
  1.2925253e+002
  1.2925303e+002
  1.2925500e+002
  1.2925408e+002
  1.2925436e+002
  1.2925317e+002
  1.2925307e+002
  1.2925318e+002
  1.2925048e+002
  1.2925188e+002
  1.2925031e+002
  1.2925052e+002
  1.2925164e+002
  1.2925045e+002
  1.2924915e+002
  1.2924926e+002
  1.2924915e+002
  1.2924666e+002
  1.2924526e+002
  1.2924704e+002
  1.2924582e+002
  1.2924463e+002
  1.2924362e+002
  1.2924362e+002
  1.2924532e+002
  1.2924403e+002
  1.2924405e+002
  1.2924666e+002
  1.2924511e+002
  1.2924596e+002
  1.2924409e+002
  1.2924344e+002
  1.2924309e+002
  1.2924244e+002
  1.2924027e+002
  1.2923982e+002
  1.2924076e+002
  1.2924020e+002
  1.2923342e+002
  1.2923303e+002
  1.2922843e+002
  1.2922421e+002
  1.2921980e+002
  1.2921864e+002
  1.2921637e+002
  1.2921702e+002
  1.2921619e+002
  1.2921525e+002
  1.2921534e+002
  1.2921575e+002
  1.2921666e+002
  1.2921487e+002
  1.2921279e+002
  1.2921330e+002
  1.2921221e+002
  1.2921279e+002
  1.2921268e+002
  1.2921070e+002
  1.2921120e+002
  1.2921281e+002
  1.2921114e+002
  1.2921191e+002
  1.2921043e+002
  1.2921258e+002
  1.2921532e+002
  1.2921491e+002
  1.2921593e+002
  1.2921598e+002
  1.2921621e+002
  1.2921628e+002
  1.2921773e+002
  1.2921539e+002
  1.2921351e+002
  1.2920841e+002
  1.2921103e+002
  1.2921134e+002
  1.2921429e+002
  1.2921651e+002
  1.2921804e+002
  1.2921992e+002
  1.2922378e+002
  1.2922521e+002
  1.2922616e+002
  1.2922561e+002
  1.2922777e+002
  1.2922863e+002
  1.2922827e+002
  1.2922818e+002
  1.2922471e+002
  1.2922023e+002
  1.2921890e+002
  1.2921350e+002
  1.2921249e+002
  1.2921295e+002
  1.2921415e+002
  1.2921593e+002
  1.2921436e+002
  1.2921536e+002
  1.2921460e+002
  1.2921122e+002
  1.2921015e+002
  1.2920877e+002
  1.2920651e+002
  1.2920542e+002
  1.2920453e+002
  1.2920327e+002
  1.2920339e+002
  1.2920334e+002
  1.2920367e+002
  1.2920260e+002
  1.2920427e+002
  1.2920563e+002
  1.2920599e+002
  1.2920755e+002
  1.2920856e+002
  1.2920923e+002
  1.2921282e+002
  1.2921357e+002
  1.2921618e+002
  1.2921958e+002
  1.2921955e+002
  1.2922189e+002
  1.2922089e+002
  1.2922176e+002
  1.2922508e+002
  1.2922506e+002
  1.2922201e+002
  1.2922023e+002
  1.2922025e+002
  1.2921912e+002
  1.2922430e+002
  1.2922936e+002
  1.2922960e+002
  1.2923009e+002
  1.2923256e+002
  1.2923115e+002
  1.2923347e+002
  1.2923443e+002
  1.2923420e+002
  1.2923268e+002
  1.2923277e+002
  1.2923356e+002
  1.2923368e+002
  1.2923379e+002
  1.2923599e+002
  1.2923829e+002
  1.2923951e+002
  1.2924270e+002
  1.2924730e+002
  1.2925050e+002
  1.2925230e+002
  1.2925629e+002
  1.2926018e+002
  1.2926298e+002
  1.2926607e+002
  1.2926909e+002
  1.2927342e+002
  1.2927633e+002
  1.2927806e+002
  1.2928005e+002
  1.2928155e+002
  1.2928212e+002
  1.2928101e+002
  1.2928190e+002
  1.2928286e+002
  1.2928196e+002
  1.2928285e+002
  1.2928355e+002
  1.2928405e+002
  1.2928548e+002
  1.2928405e+002
  1.2928368e+002
  1.2928260e+002
  1.2928254e+002
  1.2928216e+002
  1.2928147e+002
  1.2928098e+002
  1.2928081e+002
  1.2928041e+002
  1.2928184e+002
  1.2928288e+002
  1.2928182e+002
  1.2928542e+002
  1.2928985e+002
  1.2929194e+002
  1.2929364e+002
  1.2929775e+002
  1.2930223e+002
  1.2930440e+002
  1.2931035e+002
  1.2931210e+002
  1.2931396e+002
  1.2932144e+002
  1.2932932e+002
  1.2933880e+002
  1.2934547e+002
  1.2935402e+002
  1.2937467e+002
  1.2939858e+002
  1.2942564e+002
  1.2945314e+002
  1.2946580e+002
  1.2946262e+002
  1.2945049e+002
  1.2943620e+002
  1.2942307e+002
  1.2941623e+002
  1.2940827e+002
  1.2940108e+002
  1.2939668e+002
  1.2939096e+002
  1.2938923e+002
  1.2939436e+002
  1.2940115e+002
  1.2941429e+002
  1.2941947e+002
  1.2941818e+002
  1.2941559e+002
  1.2941159e+002
  1.2940492e+002
  1.2939903e+002
  1.2939175e+002
  1.2938455e+002
  1.2938094e+002
  1.2937647e+002
  1.2937322e+002
  1.2937191e+002
  1.2937231e+002
  1.2938018e+002
  1.2938907e+002
  1.2939386e+002
  1.2939765e+002
  1.2939839e+002
  1.2939923e+002
  1.2939610e+002
  1.2939398e+002
  1.2939030e+002
  1.2938758e+002
  1.2938224e+002
  1.2937711e+002
  1.2937389e+002
  1.2936927e+002
  1.2936921e+002
  1.2936647e+002
  1.2936803e+002
  1.2937993e+002
  1.2940505e+002
  1.2942822e+002
  1.2943617e+002
  1.2943995e+002
  1.2943771e+002
  1.2943163e+002
  1.2942433e+002
  1.2941802e+002
  1.2941307e+002
  1.2940855e+002
  1.2940552e+002
  1.2940222e+002
  1.2939997e+002
  1.2939800e+002
  1.2939355e+002
  1.2939011e+002
  1.2938730e+002
  1.2938645e+002
  1.2938942e+002
  1.2939266e+002
  1.2939812e+002
  1.2939896e+002
  1.2939746e+002
  1.2939444e+002
  1.2939241e+002
  1.2938920e+002
  1.2938470e+002
  1.2937906e+002
  1.2937445e+002
  1.2936596e+002
  1.2936228e+002
  1.2935868e+002
  1.2935705e+002
  1.2935747e+002
  1.2936015e+002
  1.2936818e+002
  1.2937540e+002
  1.2938252e+002
  1.2941156e+002
  1.2946633e+002
  1.2949270e+002
  1.2948985e+002
  1.2947893e+002
  1.2946931e+002
  1.2945909e+002
  1.2945249e+002
  1.2944547e+002
  1.2943842e+002
  1.2943098e+002
  1.2942478e+002
  1.2941845e+002
  1.2941177e+002
  1.2940578e+002
  1.2940154e+002
  1.2939660e+002
  1.2939132e+002
  1.2938977e+002
  1.2938897e+002
  1.2938947e+002
  1.2940137e+002
  1.2942613e+002
  1.2943738e+002
  1.2944212e+002
  1.2944395e+002
  1.2944059e+002
  1.2943594e+002
  1.2942868e+002
  1.2942271e+002
  1.2941456e+002
  1.2940708e+002
  1.2939843e+002
  1.2939214e+002
  1.2938576e+002
  1.2938036e+002
  1.2937372e+002
  1.2937226e+002
  1.2936918e+002
  1.2936669e+002
  1.2936295e+002
  1.2936051e+002
  1.2935883e+002
  1.2935600e+002
  1.2935145e+002
  1.2934910e+002
  1.2934332e+002
  1.2934211e+002
  1.2933995e+002
  1.2933725e+002
  1.2933386e+002
  1.2933056e+002
  1.2932730e+002
  1.2932460e+002
  1.2932312e+002
  1.2932200e+002
  1.2932193e+002
  1.2932382e+002
  1.2932599e+002
  1.2932809e+002
  1.2934021e+002
  1.2934260e+002
  1.2933956e+002
  1.2933256e+002
  1.2933073e+002
  1.2932761e+002
  1.2932567e+002
  1.2932279e+002
  1.2932140e+002
  1.2931899e+002
  1.2931702e+002
  1.2931622e+002
  1.2931569e+002
  1.2931434e+002
  1.2931384e+002
  1.2931293e+002
  1.2930965e+002
  1.2930896e+002
  1.2930922e+002
  1.2930573e+002
  1.2930452e+002
  1.2930430e+002
  1.2930179e+002
  1.2930156e+002
  1.2930216e+002
  1.2930130e+002
  1.2930138e+002
  1.2930121e+002
  1.2929926e+002
  1.2929884e+002
  1.2929563e+002
  1.2929391e+002
  1.2929259e+002
  1.2929086e+002
  1.2928863e+002
  1.2928729e+002
  1.2928485e+002
  1.2928341e+002
  1.2928060e+002
  1.2928034e+002
  1.2927862e+002
  1.2927562e+002
  1.2927469e+002
  1.2927236e+002
  1.2927104e+002
  1.2927188e+002
  1.2927287e+002
  1.2927602e+002
  1.2928202e+002
  1.2929532e+002
  1.2930041e+002
  1.2930903e+002
  1.2931591e+002
  1.2931732e+002
  1.2932188e+002
  1.2932434e+002
  1.2933019e+002
  1.2933650e+002
  1.2934138e+002
  1.2934709e+002
  1.2935496e+002
  1.2936025e+002
  1.2936929e+002
  1.2937171e+002
  1.2936728e+002
  1.2936941e+002
  1.2936875e+002
  1.2937078e+002
  1.2936549e+002
  1.2936493e+002
  1.2936321e+002
  1.2936208e+002
  1.2936000e+002
  1.2935859e+002
  1.2935730e+002
  1.2935340e+002
  1.2935249e+002
  1.2935118e+002
  1.2934729e+002
  1.2934515e+002
  1.2934508e+002
  1.2934294e+002
  1.2934410e+002
  1.2934100e+002
  1.2933860e+002
  1.2933798e+002
  1.2933802e+002
  1.2933693e+002
  1.2933476e+002
  1.2933225e+002
  1.2933257e+002
  1.2933215e+002
  1.2933099e+002
  1.2933161e+002
  1.2933195e+002
  1.2932938e+002
  1.2932978e+002
  1.2932871e+002
  1.2932531e+002
  1.2932865e+002
  1.2932491e+002
  1.2932480e+002
  1.2933231e+002
  1.2937886e+002
  1.2942016e+002
  1.2944012e+002
  1.2945610e+002
  1.2945690e+002
  1.2945335e+002
  1.2944324e+002
  1.2943573e+002
  1.2942715e+002
  1.2942034e+002
  1.2941097e+002
  1.2940507e+002
  1.2939846e+002
  1.2939245e+002
  1.2938816e+002
  1.2938370e+002
  1.2937968e+002
  1.2937633e+002
  1.2937137e+002
  1.2937216e+002
  1.2936694e+002
  1.2936851e+002
  1.2936914e+002
  1.2937173e+002
  1.2937169e+002
  1.2937013e+002
  1.2938625e+002
  1.2941727e+002
  1.2942554e+002
  1.2941357e+002
  1.2942436e+002
  1.2942078e+002
  1.2941775e+002
  1.2941439e+002
  1.2940999e+002
  1.2940177e+002
  1.2939730e+002
  1.2939129e+002
  1.2938412e+002
  1.2937794e+002
  1.2937194e+002
  1.2936684e+002
  1.2936289e+002
  1.2935754e+002
  1.2934098e+002
  1.2934469e+002
  1.2934643e+002
  1.2934077e+002
  1.2933910e+002
  1.2934339e+002
  1.2933954e+002
  1.2933374e+002
  1.2935040e+002
  1.2935368e+002
  1.2935886e+002
  1.2936101e+002
  1.2936086e+002
  1.2936230e+002
  1.2936314e+002
  1.2934658e+002
  1.2934966e+002
  1.2935987e+002
  1.2936761e+002
  1.2939238e+002
  1.2940386e+002
  1.2941146e+002
  1.2941688e+002
  1.2942445e+002
  1.2942889e+002
  1.2943334e+002
  1.2943497e+002
  1.2943458e+002
  1.2943184e+002
  1.2943065e+002
  1.2942507e+002
  1.2941999e+002
  1.2941465e+002
  1.2940691e+002
  1.2939873e+002
  1.2937561e+002
  1.2938762e+002
  1.2938102e+002
  1.2937544e+002
  1.2936887e+002
  1.2936075e+002
  1.2935657e+002
  1.2935107e+002
  1.2934775e+002
  1.2934341e+002
  1.2934002e+002
  1.2933788e+002
  1.2933604e+002
  1.2933389e+002
  1.2933340e+002
  1.2933246e+002
  1.2933151e+002
  1.2933550e+002
  1.2933072e+002
  1.2932808e+002
  1.2932490e+002
  1.2931920e+002
  1.2931878e+002
  1.2932332e+002
  1.2932196e+002
  1.2931699e+002
  1.2931507e+002
  1.2931333e+002
  1.2930954e+002
  1.2930926e+002
  1.2930635e+002
  1.2930716e+002
  1.2930338e+002
  1.2930290e+002
  1.2930169e+002
  1.2929868e+002
  1.2929728e+002
  1.2929738e+002
  1.2929759e+002
  1.2929244e+002
  1.2929104e+002
  1.2929254e+002
  1.2929246e+002
  1.2928990e+002
  1.2928868e+002
  1.2928376e+002
  1.2928519e+002
  1.2928277e+002
  1.2928152e+002
  1.2927891e+002
  1.2928571e+002
  1.2928315e+002
  1.2928467e+002
  1.2926921e+002
  1.2926815e+002
  1.2926661e+002
  1.2926169e+002
  1.2928079e+002
  1.2927772e+002
  1.2927943e+002
  1.2927802e+002
  1.2927652e+002
  1.2927554e+002
  1.2926164e+002
  1.2927386e+002
  1.2925479e+002
  1.2925355e+002
  1.2925237e+002
  1.2925162e+002
  1.2925358e+002
  1.2925189e+002
  1.2925260e+002
  1.2925344e+002
  1.2925281e+002
  1.2925233e+002
  1.2925185e+002
  1.2925103e+002
  1.2925281e+002
  1.2925224e+002
  1.2925165e+002
  1.2925091e+002
  1.2925105e+002
  1.2924979e+002
  1.2925002e+002
  1.2924855e+002
  1.2924850e+002
  1.2924793e+002
  1.2924706e+002
  1.2924682e+002
  1.2924560e+002
  1.2924399e+002
  1.2924384e+002
  1.2924418e+002
  1.2924233e+002
  1.2924129e+002
  1.2924195e+002
  1.2924271e+002
  1.2924326e+002
  1.2924180e+002
  1.2924220e+002
  1.2924106e+002
  1.2923989e+002
  1.2923939e+002
  1.2923936e+002
  1.2923776e+002
  1.2923730e+002
  1.2923450e+002
  1.2923445e+002
  1.2923452e+002
  1.2923429e+002
  1.2923311e+002
  1.2923456e+002
  1.2923333e+002
  1.2923189e+002
  1.2923057e+002
  1.2922948e+002
  1.2922851e+002
  1.2922791e+002
  1.2922894e+002
  1.2922824e+002
  1.2922872e+002
  1.2922778e+002
  1.2922809e+002
  1.2922767e+002
  1.2922520e+002
  1.2922532e+002
  1.2922489e+002
  1.2922182e+002
  1.2922149e+002
  1.2922133e+002
  1.2921974e+002
  1.2921949e+002
  1.2922054e+002
  1.2921906e+002
  1.2921762e+002
  1.2921742e+002
  1.2921437e+002
  1.2921482e+002
  1.2921318e+002
  1.2921103e+002
  1.2921002e+002
  1.2921058e+002
  1.2921119e+002
  1.2921080e+002
  1.2921111e+002
  1.2921154e+002
  1.2921086e+002
  1.2921368e+002
  1.2921363e+002
  1.2921364e+002
  1.2921333e+002
  1.2921307e+002
  1.2921006e+002
  1.2920946e+002
  1.2920903e+002
  1.2920729e+002
  1.2920690e+002
  1.2920767e+002
  1.2920624e+002
  1.2920624e+002
  1.2920447e+002
  1.2920412e+002
  1.2920149e+002
  1.2920126e+002
  1.2920151e+002
  1.2920176e+002
  1.2920213e+002
  1.2920288e+002
  1.2920464e+002
  1.2920388e+002
  1.2920417e+002
  1.2920314e+002
  1.2920432e+002
  1.2920293e+002
  1.2920171e+002
  1.2920150e+002
  1.2920249e+002
  1.2919946e+002
  1.2919886e+002
  1.2919841e+002
  1.2919812e+002
  1.2919760e+002
  1.2919765e+002
  1.2919731e+002
  1.2919708e+002
  1.2919551e+002
  1.2919280e+002
  1.2919131e+002
  1.2919025e+002
  1.2919039e+002
  1.2918909e+002
  1.2918818e+002
  1.2918836e+002
  1.2918854e+002
  1.2918880e+002
  1.2918762e+002
  1.2918772e+002
  1.2918632e+002
  1.2918428e+002
  1.2918446e+002
  1.2918227e+002
  1.2918042e+002
  1.2917972e+002
  1.2917794e+002
  1.2917593e+002
  1.2917814e+002
  1.2917636e+002
  1.2917447e+002
  1.2917410e+002
  1.2917072e+002
  1.2917004e+002
  1.2916995e+002
  1.2916718e+002
  1.2916849e+002
  1.2916872e+002
  1.2916912e+002
  1.2916948e+002
  1.2916850e+002
  1.2916721e+002
  1.2916765e+002
  1.2916735e+002
  1.2916713e+002
  1.2916709e+002
  1.2916598e+002
  1.2916573e+002
  1.2916514e+002
  1.2916304e+002
  1.2916309e+002
  1.2916270e+002
  1.2916218e+002
  1.2916214e+002
  1.2916144e+002
  1.2915987e+002
  1.2915968e+002
  1.2915943e+002
  1.2916108e+002
  1.2916089e+002
  1.2916074e+002
  1.2916091e+002
  1.2916193e+002
  1.2916229e+002
  1.2916289e+002
  1.2916279e+002
  1.2916313e+002
  1.2916423e+002
  1.2916308e+002
  1.2916481e+002
  1.2916866e+002
  1.2916701e+002
  1.2917000e+002
  1.2916953e+002
  1.2917394e+002
  1.2917803e+002
  1.2917918e+002
  1.2917523e+002
  1.2917486e+002
  1.2917484e+002
  1.2917552e+002
  1.2917676e+002
  1.2917494e+002
  1.2917420e+002
  1.2917655e+002
  1.2917651e+002
  1.2917538e+002
  1.2917382e+002
  1.2917532e+002
  1.2917828e+002
  1.2917639e+002
  1.2917819e+002
  1.2918149e+002
  1.2918282e+002
  1.2918378e+002
  1.2919135e+002
  1.2919884e+002
  1.2920412e+002
  1.2920671e+002
  1.2920722e+002
  1.2920611e+002
  1.2920846e+002
  1.2920975e+002
  1.2921110e+002
  1.2921649e+002
  1.2921870e+002
  1.2922218e+002
  1.2922331e+002
  1.2922277e+002
  1.2922000e+002
  1.2921526e+002
  1.2921296e+002
  1.2921018e+002
  1.2920529e+002
  1.2920377e+002
  1.2919969e+002
  1.2919680e+002
  1.2919232e+002
  1.2919060e+002
  1.2918882e+002
  1.2918671e+002
  1.2918471e+002
  1.2918252e+002
  1.2918193e+002
  1.2917874e+002
  1.2917937e+002
  1.2917877e+002
  1.2917844e+002
  1.2917943e+002
  1.2917797e+002
  1.2917792e+002
  1.2917800e+002
  1.2917713e+002
  1.2917707e+002
  1.2917652e+002
  1.2917598e+002
  1.2917537e+002
  1.2917371e+002
  1.2917426e+002
  1.2917493e+002
  1.2917418e+002
  1.2917351e+002
  1.2917322e+002
  1.2917263e+002
  1.2917333e+002
  1.2917319e+002
  1.2917291e+002
  1.2917557e+002
  1.2917476e+002
  1.2917210e+002
  1.2917211e+002
  1.2917062e+002
  1.2917117e+002
  1.2917407e+002
  1.2917464e+002
  1.2917563e+002
  1.2917504e+002
  1.2917727e+002
  1.2917640e+002
  1.2917667e+002
  1.2917820e+002
  1.2917550e+002
  1.2917669e+002
  1.2917539e+002
  1.2917521e+002
  1.2917338e+002
  1.2917133e+002
  1.2916915e+002
  1.2916603e+002
  1.2916512e+002
  1.2916268e+002
  1.2916138e+002
  1.2916015e+002
  1.2916132e+002
  1.2916194e+002
  1.2916461e+002
  1.2916756e+002
  1.2917135e+002
  1.2918084e+002
