  727.8840  773.9659  739.4424  845.3102  882.2168  724.8812  721.4254
 1022.4806  935.1601  913.1395  929.3270  800.4146 1261.6569 1072.4119
  777.8894  924.1238  985.7579  849.4125  902.6379 1025.1738 1269.3671
  839.0926  765.2729  830.6955 1138.7057  906.4178  853.0426  786.3037
  774.7685  917.7655  798.6251  812.7583  733.6251  659.5609 1019.9575
  902.6702 1012.7532  981.0899  921.6793  868.1166 1183.2474 1412.6220
 1214.9269 1361.3262 1543.4556 1392.0313 1800.6116 1933.5215 1717.9193
 2146.9248 2061.8423 2833.4519 3255.3225 3263.4558 3739.1693 4438.0202
 4214.0589 5427.3468 3882.2157 5631.6517 5832.5413 5916.8576 6134.6227
 4950.9922 5357.8661 5428.6003 5493.0622 4923.8063 4228.7716 3941.4278
 4265.8469 3040.0097 3051.0723 3901.6193 2818.8892 2379.4893 2103.6380
 1578.1196 1996.4105 1324.9334 1283.8190 1558.4818  918.2458  773.6873
  807.2720  982.5334  698.4125  664.8331  976.5952  602.7619  650.0107
  657.2638  580.1219  572.3985  418.5411  452.2434  448.3648  401.9476
  454.9488  480.4468  450.9079  454.1142  536.0892  395.8232  502.6374
  590.4522  774.7076  500.2735  531.4742  617.9240  797.9355  832.2274
  893.9745  870.8140  803.9436  982.5835  951.8785  830.1884  892.8750
 1060.2007  998.6606 1247.2154  811.4735  731.8887 1109.1791  795.0889
 1042.0128  765.8579 1375.8130  954.8951  931.9358  964.2617  996.1144
  943.5578  864.7383 1040.7133  929.2063  821.8042  934.1461  968.1293
  921.5511  839.3162 1026.4774 1099.1880  996.6105 1260.3425 1375.3973
 1424.6363 1336.8784 1464.0690 1706.0676 1828.7806 1770.3579 2486.9315
 2451.6227 3844.8329 2877.2124 2997.8473 3534.0897 3227.5998 4015.0345
 4338.8849 3999.7833 4882.1071 5282.8550 5304.8738 5341.6883 5857.3882
 4266.4980 5015.0174 6929.6714 6199.1711 5942.6306 5250.1814 5058.5317
 4048.5109 3645.6292 3977.0205 2588.6378 3271.7154 2288.1553 2534.1698
 2101.7305 1766.2518 1455.3419 1719.1486 1658.2514 1526.8873 1336.1499
 1255.7990 1073.8836  874.9963 1132.0786  889.7675  715.0065  801.2859
  671.1374  613.9087  749.2025  590.4895  660.6560  600.9845  589.4513
  692.0973  586.0438  607.3052  592.0828  590.0786  681.2260  947.3473
  604.4463  670.9547  820.3969  931.4523  687.8484  713.5708  579.1285
  824.8714  940.1682  760.5471  822.4357  936.3825  904.8383  899.9728
  998.1026  923.3871 1180.7469  748.0745  956.7393  850.0632  591.7614
  677.2038  665.8899  736.4942  594.4137  600.1344  600.3651  676.9352
  664.3090  529.0201  660.3029  651.1862  516.8379  585.0561  789.6129
  612.1980  643.5976  689.0792  743.3121  885.3354  958.5175  856.4422
 1154.4280 1151.4659 1169.5176 1190.0793 1550.7307 1791.9264 1549.2013
 1877.2685 2268.6760
