-7.34883880000000E+01 4.56430850000000E+01
-7.34882350000000E+01 4.56437610000000E+01
-7.34881440000000E+01 4.56454120000000E+01
-7.34875110000000E+01 4.56468810000000E+01
-7.34872360000000E+01 4.56482700000000E+01
-7.34871520000000E+01 4.56488340000000E+01
-7.34867780000000E+01 4.56497920000000E+01
-7.34871520000000E+01 4.56503600000000E+01
-7.34875110000000E+01 4.56523820000000E+01
-7.34888380000000E+01 4.56553500000000E+01
-7.34895100000000E+01 4.56570090000000E+01
-7.34895860000000E+01 4.56572610000000E+01
-7.34897990000000E+01 4.56579820000000E+01
-7.34899830000000E+01 4.56584820000000E+01
-7.34906010000000E+01 4.56610720000000E+01
-7.34911350000000E+01 4.56619220000000E+01
-7.34915540000000E+01 4.56630130000000E+01
-7.34921260000000E+01 4.56644780000000E+01
-7.34919890000000E+01 4.56656000000000E+01
-7.34917910000000E+01 4.56665500000000E+01
-7.34919360000000E+01 4.56677020000000E+01
-7.34917680000000E+01 4.56689610000000E+01
-7.34917370000000E+01 4.56701890000000E+01
-7.34916920000000E+01 4.56710660000000E+01
-7.34915010000000E+01 4.56736720000000E+01
-7.34903110000000E+01 4.56777530000000E+01
-7.34903340000000E+01 4.56803400000000E+01
-7.34898990000000E+01 4.56834980000000E+01
-7.34889760000000E+01 4.56854440000000E+01
-7.34877170000000E+01 4.56865500000000E+01
-7.34875790000000E+01 4.56871260000000E+01
-7.34868470000000E+01 4.56874770000000E+01
-7.34864040000000E+01 4.56873780000000E+01
-7.34860460000000E+01 4.56876870000000E+01
-7.34861600000000E+01 4.56880040000000E+01
-7.34857030000000E+01 4.56882510000000E+01
-7.34856110000000E+01 4.56886860000000E+01
-7.34842070000000E+01 4.56897430000000E+01
-7.34830550000000E+01 4.56910400000000E+01
-7.34827880000000E+01 4.56907010000000E+01
-7.34824070000000E+01 4.56920700000000E+01
-7.34811020000000E+01 4.56937640000000E+01
-7.34793400000000E+01 4.56985780000000E+01
-7.34792020000000E+01 4.56988110000000E+01
-7.34788820000000E+01 4.56993060000000E+01
-7.34786220000000E+01 4.56997340000000E+01
-7.34773180000000E+01 4.57013740000000E+01
-7.34765630000000E+01 4.57025640000000E+01
-7.34784470000000E+01 4.57021100000000E+01
-7.34791410000000E+01 4.57016940000000E+01
-7.34809800000000E+01 4.57013930000000E+01
-7.34812700000000E+01 4.57013820000000E+01
-7.34842680000000E+01 4.57009120000000E+01
-7.34859310000000E+01 4.57004050000000E+01
-7.34872440000000E+01 4.57001840000000E+01
-7.34883730000000E+01 4.57000660000000E+01
-7.34894710000000E+01 4.56996540000000E+01
-7.34903560000000E+01 4.56994210000000E+01
-7.34926760000000E+01 4.56990590000000E+01
-7.34936450000000E+01 4.56986350000000E+01
-7.34953080000000E+01 4.56981090000000E+01
-7.34981080000000E+01 4.56976090000000E+01
-7.34995570000000E+01 4.56973650000000E+01
-7.35000000000000E+01 4.56972010000000E+01
-7.35006940000000E+01 4.56969380000000E+01
-7.35020450000000E+01 4.56967580000000E+01
-7.35029600000000E+01 4.56971860000000E+01
-7.35036320000000E+01 4.56985130000000E+01
-7.35040210000000E+01 4.56985890000000E+01
-7.35030820000000E+01 4.56993330000000E+01
-7.35069120000000E+01 4.56996120000000E+01
-7.35079650000000E+01 4.56993100000000E+01
-7.35096210000000E+01 4.56990240000000E+01
-7.35133290000000E+01 4.56981540000000E+01
-7.35159230000000E+01 4.56974490000000E+01
-7.35181500000000E+01 4.56969110000000E+01
-7.35184860000000E+01 4.56965790000000E+01
-7.35196530000000E+01 4.56959690000000E+01
-7.35208820000000E+01 4.56953510000000E+01
-7.35221020000000E+01 4.56945530000000E+01
-7.35228500000000E+01 4.56939850000000E+01
-7.35245590000000E+01 4.56911200000000E+01
-7.35278170000000E+01 4.56875230000000E+01
-7.35279240000000E+01 4.56868320000000E+01
-7.35291210000000E+01 4.56851730000000E+01
-7.35308990000000E+01 4.56834790000000E+01
-7.35317610000000E+01 4.56828650000000E+01
-7.35321040000000E+01 4.56825560000000E+01
-7.35328520000000E+01 4.56819150000000E+01
-7.35344540000000E+01 4.56802600000000E+01
-7.35373610000000E+01 4.56755680000000E+01
-7.35380170000000E+01 4.56751900000000E+01
-7.35396650000000E+01 4.56741710000000E+01
-7.35404130000000E+01 4.56733440000000E+01
-7.35417790000000E+01 4.56723630000000E+01
-7.35424500000000E+01 4.56719470000000E+01
-7.35453340000000E+01 4.56710590000000E+01
-7.35469130000000E+01 4.56707000000000E+01
-7.35495000000000E+01 4.56703950000000E+01
-7.35505910000000E+01 4.56705740000000E+01
-7.35511860000000E+01 4.56704520000000E+01
-7.35520400000000E+01 4.56702730000000E+01
-7.35548710000000E+01 4.56682620000000E+01
-7.35584490000000E+01 4.56657030000000E+01
-7.35589980000000E+01 4.56653900000000E+01
-7.35641250000000E+01 4.56628650000000E+01
-7.35662380000000E+01 4.56617390000000E+01
-7.35670390000000E+01 4.56612590000000E+01
-7.35681840000000E+01 4.56609420000000E+01
-7.35688400000000E+01 4.56610150000000E+01
-7.35692440000000E+01 4.56605950000000E+01
-7.35695270000000E+01 4.56610070000000E+01
-7.35716930000000E+01 4.56607890000000E+01
-7.35729140000000E+01 4.56607060000000E+01
-7.35736620000000E+01 4.56605300000000E+01
-7.35737920000000E+01 4.56602550000000E+01
-7.35745240000000E+01 4.56591220000000E+01
-7.35756450000000E+01 4.56582790000000E+01
-7.35761410000000E+01 4.56579090000000E+01
-7.35769500000000E+01 4.56573560000000E+01
-7.35777590000000E+01 4.56570170000000E+01
-7.35816420000000E+01 4.56553040000000E+01
-7.35822530000000E+01 4.56551440000000E+01
-7.35833050000000E+01 4.56542090000000E+01
-7.35841140000000E+01 4.56536370000000E+01
-7.35849150000000E+01 4.56530800000000E+01
-7.35868070000000E+01 4.56522520000000E+01
-7.35891800000000E+01 4.56509020000000E+01
-7.35902560000000E+01 4.56503560000000E+01
-7.35907210000000E+01 4.56500470000000E+01
-7.35915680000000E+01 4.56492810000000E+01
-7.35924380000000E+01 4.56485750000000E+01
-7.35931630000000E+01 4.56482770000000E+01
-7.35944600000000E+01 4.56470760000000E+01
-7.35954440000000E+01 4.56463470000000E+01
-7.35956880000000E+01 4.56461640000000E+01
-7.35970080000000E+01 4.56452520000000E+01
-7.35979080000000E+01 4.56444890000000E+01
-7.35990370000000E+01 4.56440730000000E+01
-7.35995030000000E+01 4.56436610000000E+01
-7.35997850000000E+01 4.56437150000000E+01
-7.35997090000000E+01 4.56434750000000E+01
-7.36001280000000E+01 4.56429600000000E+01
-7.36004330000000E+01 4.56425780000000E+01
-7.36004710000000E+01 4.56422350000000E+01
-7.36033550000000E+01 4.56402240000000E+01
-7.36059190000000E+01 4.56384930000000E+01
-7.36071700000000E+01 4.56377870000000E+01
-7.36081620000000E+01 4.56373370000000E+01
-7.36082920000000E+01 4.56370580000000E+01
-7.36110990000000E+01 4.56352160000000E+01
-7.36114500000000E+01 4.56353070000000E+01
-7.36116870000000E+01 4.56352840000000E+01
-7.36117480000000E+01 4.56351390000000E+01
-7.36114270000000E+01 4.56349260000000E+01
-7.36153870000000E+01 4.56325990000000E+01
-7.36160200000000E+01 4.56326220000000E+01
-7.36162720000000E+01 4.56321640000000E+01
-7.36169130000000E+01 4.56318590000000E+01
-7.36179120000000E+01 4.56317630000000E+01
-7.36188960000000E+01 4.56317710000000E+01
-7.36196060000000E+01 4.56313440000000E+01
-7.36198500000000E+01 4.56315080000000E+01
-7.36199190000000E+01 4.56311650000000E+01
-7.36206890000000E+01 4.56306460000000E+01
-7.36212010000000E+01 4.56298900000000E+01
-7.36211400000000E+01 4.56295360000000E+01
-7.36230390000000E+01 4.56277540000000E+01
-7.36239700000000E+01 4.56272320000000E+01
-7.36244960000000E+01 4.56269840000000E+01
-7.36260830000000E+01 4.56259690000000E+01
-7.36292340000000E+01 4.56241650000000E+01
-7.36322480000000E+01 4.56214220000000E+01
-7.36342620000000E+01 4.56193960000000E+01
-7.36347580000000E+01 4.56189000000000E+01
-7.36365890000000E+01 4.56162720000000E+01
-7.36373520000000E+01 4.56138420000000E+01
-7.36376110000000E+01 4.56131740000000E+01
-7.36379010000000E+01 4.56129150000000E+01
-7.36381300000000E+01 4.56122250000000E+01
-7.36387250000000E+01 4.56115800000000E+01
-7.36393050000000E+01 4.56107640000000E+01
-7.36396480000000E+01 4.56100850000000E+01
-7.36399840000000E+01 4.56097830000000E+01
-7.36411740000000E+01 4.56082080000000E+01
-7.36417470000000E+01 4.56073720000000E+01
-7.36419370000000E+01 4.56067890000000E+01
-7.36423870000000E+01 4.56057850000000E+01
-7.36425630000000E+01 4.56052780000000E+01
-7.36433560000000E+01 4.56036570000000E+01
-7.36435930000000E+01 4.56032450000000E+01
-7.36440960000000E+01 4.56011470000000E+01
-7.36449050000000E+01 4.55998730000000E+01
-7.36457440000000E+01 4.55981330000000E+01
-7.36459960000000E+01 4.55970920000000E+01
-7.36466900000000E+01 4.55966260000000E+01
-7.36473010000000E+01 4.55958560000000E+01
-7.36496050000000E+01 4.55943450000000E+01
-7.36497570000000E+01 4.55937460000000E+01
-7.36514740000000E+01 4.55912740000000E+01
-7.36524200000000E+01 4.55901300000000E+01
-7.36529160000000E+01 4.55898250000000E+01
-7.36530000000000E+01 4.55894470000000E+01
-7.36532290000000E+01 4.55884700000000E+01
-7.36534650000000E+01 4.55880360000000E+01
-7.36537020000000E+01 4.55875740000000E+01
-7.36535950000000E+01 4.55870630000000E+01
-7.36539840000000E+01 4.55869480000000E+01
-7.36542130000000E+01 4.55862460000000E+01
-7.36541670000000E+01 4.55855750000000E+01
-7.36542740000000E+01 4.55848240000000E+01
-7.36546020000000E+01 4.55847660000000E+01
-7.36547240000000E+01 4.55833780000000E+01
-7.36555180000000E+01 4.55822300000000E+01
-7.36570280000000E+01 4.55806080000000E+01
-7.36580730000000E+01 4.55805930000000E+01
-7.36588820000000E+01 4.55801120000000E+01
-7.36585010000000E+01 4.55800510000000E+01
-7.36586070000000E+01 4.55798190000000E+01
-7.36597520000000E+01 4.55790630000000E+01
-7.36600110000000E+01 4.55785830000000E+01
-7.36601720000000E+01 4.55782780000000E+01
-7.36604460000000E+01 4.55777210000000E+01
-7.36612470000000E+01 4.55774500000000E+01
-7.36611020000000E+01 4.55761260000000E+01
-7.36617430000000E+01 4.55747260000000E+01
-7.36622770000000E+01 4.55732000000000E+01
-7.36623760000000E+01 4.55715830000000E+01
-7.36631470000000E+01 4.55705680000000E+01
-7.36629940000000E+01 4.55703390000000E+01
-7.36630400000000E+01 4.55693050000000E+01
-7.36639480000000E+01 4.55679510000000E+01
-7.36636660000000E+01 4.55669060000000E+01
-7.36639710000000E+01 4.55653610000000E+01
-7.36645360000000E+01 4.55646170000000E+01
-7.36653980000000E+01 4.55641520000000E+01
-7.36662140000000E+01 4.55637820000000E+01
-7.36671910000000E+01 4.55638050000000E+01
-7.36674800000000E+01 4.55636440000000E+01
-7.36677700000000E+01 4.55635220000000E+01
-7.36709370000000E+01 4.55612910000000E+01
-7.36723480000000E+01 4.55598450000000E+01
-7.36736680000000E+01 4.55575330000000E+01
-7.36741560000000E+01 4.55568160000000E+01
-7.36743620000000E+01 4.55560380000000E+01
-7.36747510000000E+01 4.55553130000000E+01
-7.36751400000000E+01 4.55548020000000E+01
-7.36755980000000E+01 4.55541530000000E+01
-7.36769560000000E+01 4.55527190000000E+01
-7.36774900000000E+01 4.55521470000000E+01
-7.36795270000000E+01 4.55502550000000E+01
-7.36797940000000E+01 4.55492210000000E+01
-7.36795120000000E+01 4.55487560000000E+01
-7.36797030000000E+01 4.55486180000000E+01
-7.36806110000000E+01 4.55489270000000E+01
-7.36803820000000E+01 4.55492780000000E+01
-7.36808170000000E+01 4.55493810000000E+01
-7.36833190000000E+01 4.55488660000000E+01
-7.36859590000000E+01 4.55487210000000E+01
-7.36862790000000E+01 4.55490000000000E+01
-7.36869510000000E+01 4.55491180000000E+01
-7.36873630000000E+01 4.55488620000000E+01
-7.36879120000000E+01 4.55486340000000E+01
-7.36884310000000E+01 4.55482790000000E+01
-7.36888120000000E+01 4.55478740000000E+01
-7.36889500000000E+01 4.55477030000000E+01
-7.36893690000000E+01 4.55473330000000E+01
-7.36897660000000E+01 4.55474170000000E+01
-7.36899720000000E+01 4.55475200000000E+01
-7.36920090000000E+01 4.55469860000000E+01
-7.36924820000000E+01 4.55465810000000E+01
-7.36925430000000E+01 4.55460890000000E+01
-7.36930920000000E+01 4.55460620000000E+01
-7.36932370000000E+01 4.55469440000000E+01
-7.36954190000000E+01 4.55472030000000E+01
-7.36957550000000E+01 4.55466800000000E+01
-7.36964260000000E+01 4.55470580000000E+01
-7.36981280000000E+01 4.55467950000000E+01
-7.36989970000000E+01 4.55467530000000E+01
-7.37013630000000E+01 4.55466420000000E+01
-7.37009810000000E+01 4.55465350000000E+01
-7.37014160000000E+01 4.55461920000000E+01
-7.37015690000000E+01 4.55457950000000E+01
-7.37025070000000E+01 4.55457230000000E+01
-7.37031560000000E+01 4.55450900000000E+01
-7.37027820000000E+01 4.55447160000000E+01
-7.37036900000000E+01 4.55446550000000E+01
-7.37047960000000E+01 4.55440140000000E+01
-7.37054440000000E+01 4.55438540000000E+01
-7.37060320000000E+01 4.55440480000000E+01
-7.37065730000000E+01 4.55437050000000E+01
-7.37072450000000E+01 4.55435940000000E+01
-7.37079160000000E+01 4.55430680000000E+01
-7.37080610000000E+01 4.55422400000000E+01
-7.37092130000000E+01 4.55415080000000E+01
-7.37099610000000E+01 4.55405880000000E+01
-7.37114640000000E+01 4.55391880000000E+01
-7.37136460000000E+01 4.55379370000000E+01
-7.37139660000000E+01 4.55375180000000E+01
-7.37148210000000E+01 4.55373690000000E+01
-7.37161250000000E+01 4.55367620000000E+01
-7.37162480000000E+01 4.55360180000000E+01
-7.37166060000000E+01 4.55354800000000E+01
-7.37160800000000E+01 4.55349460000000E+01
-7.37165600000000E+01 4.55347980000000E+01
-7.37173390000000E+01 4.55351720000000E+01
-7.37166060000000E+01 4.55357670000000E+01
-7.37169190000000E+01 4.55362780000000E+01
-7.37168120000000E+01 4.55368080000000E+01
-7.37173160000000E+01 4.55371440000000E+01
-7.37204670000000E+01 4.55366860000000E+01
-7.37216640000000E+01 4.55364910000000E+01
-7.37234800000000E+01 4.55356410000000E+01
-7.37243270000000E+01 4.55351030000000E+01
-7.37250140000000E+01 4.55344620000000E+01
-7.37266770000000E+01 4.55332410000000E+01
-7.37270740000000E+01 4.55319750000000E+01
-7.37271880000000E+01 4.55317610000000E+01
-7.37280040000000E+01 4.55318870000000E+01
-7.37284160000000E+01 4.55315510000000E+01
-7.37289580000000E+01 4.55310520000000E+01
-7.37289350000000E+01 4.55304110000000E+01
-7.37302470000000E+01 4.55297280000000E+01
-7.37321400000000E+01 4.55293080000000E+01
-7.37326280000000E+01 4.55295980000000E+01
-7.37342220000000E+01 4.55277560000000E+01
-7.37349700000000E+01 4.55269010000000E+01
-7.37358780000000E+01 4.55264930000000E+01
-7.37375410000000E+01 4.55253750000000E+01
-7.37384800000000E+01 4.55258260000000E+01
-7.37392960000000E+01 4.55254590000000E+01
-7.37399290000000E+01 4.55249400000000E+01
-7.37406460000000E+01 4.55233080000000E+01
-7.37418900000000E+01 4.55229070000000E+01
-7.37426300000000E+01 4.55203820000000E+01
-7.37431030000000E+01 4.55198750000000E+01
-7.37442250000000E+01 4.55187230000000E+01
-7.37459640000000E+01 4.55176390000000E+01
-7.37464070000000E+01 4.55168880000000E+01
-7.37470170000000E+01 4.55170170000000E+01
-7.37472840000000E+01 4.55174480000000E+01
-7.37488170000000E+01 4.55170360000000E+01
-7.37504500000000E+01 4.55153960000000E+01
-7.37507400000000E+01 4.55136910000000E+01
-7.37518230000000E+01 4.55130160000000E+01
-7.37524410000000E+01 4.55125270000000E+01
-7.37529910000000E+01 4.55124470000000E+01
-7.37532880000000E+01 4.55119900000000E+01
-7.37539750000000E+01 4.55119970000000E+01
-7.37546460000000E+01 4.55116880000000E+01
-7.37553250000000E+01 4.55113830000000E+01
-7.37555470000000E+01 4.55115780000000E+01
-7.37551420000000E+01 4.55117870000000E+01
-7.37554090000000E+01 4.55122490000000E+01
-7.37564320000000E+01 4.55124240000000E+01
-7.37574770000000E+01 4.55122800000000E+01
-7.37580570000000E+01 4.55118560000000E+01
-7.37582170000000E+01 4.55121270000000E+01
-7.37587200000000E+01 4.55117490000000E+01
-7.37595670000000E+01 4.55111310000000E+01
-7.37620850000000E+01 4.55103650000000E+01
-7.37633740000000E+01 4.55098840000000E+01
-7.37681580000000E+01 4.55095900000000E+01
-7.37697750000000E+01 4.55096740000000E+01
-7.37759700000000E+01 4.55087130000000E+01
-7.37770840000000E+01 4.55088690000000E+01
-7.37839050000000E+01 4.55098150000000E+01
-7.37867360000000E+01 4.55095750000000E+01
-7.37893370000000E+01 4.55091970000000E+01
-7.37906340000000E+01 4.55090030000000E+01
-7.37948530000000E+01 4.55096280000000E+01
-7.37965550000000E+01 4.55095520000000E+01
-7.37987370000000E+01 4.55105320000000E+01
-7.37995760000000E+01 4.55118060000000E+01
-7.37984920000000E+01 4.55140300000000E+01
-7.38005750000000E+01 4.55151520000000E+01
-7.38024750000000E+01 4.55151060000000E+01
-7.38040620000000E+01 4.55151100000000E+01
-7.38059540000000E+01 4.55151750000000E+01
-7.38095780000000E+01 4.55166930000000E+01
-7.38126530000000E+01 4.55158920000000E+01
-7.38138350000000E+01 4.55158920000000E+01
-7.38150330000000E+01 4.55158920000000E+01
-7.38167110000000E+01 4.55154800000000E+01
-7.38174130000000E+01 4.55146790000000E+01
-7.38186650000000E+01 4.55128590000000E+01
-7.38192520000000E+01 4.55128400000000E+01
-7.38205490000000E+01 4.55126270000000E+01
-7.38217470000000E+01 4.55130000000000E+01
-7.38216710000000E+01 4.55140040000000E+01
-7.38222660000000E+01 4.55141140000000E+01
-7.38239670000000E+01 4.55142900000000E+01
-7.38254240000000E+01 4.55157200000000E+01
-7.38263020000000E+01 4.55159840000000E+01
-7.38272710000000E+01 4.55157390000000E+01
-7.38273240000000E+01 4.55163610000000E+01
-7.38307340000000E+01 4.55169300000000E+01
-7.38315580000000E+01 4.55170630000000E+01
-7.38322300000000E+01 4.55168040000000E+01
-7.38407060000000E+01 4.55171700000000E+01
-7.38411940000000E+01 4.55169560000000E+01
-7.38418660000000E+01 4.55171780000000E+01
-7.38436660000000E+01 4.55169560000000E+01
-7.38450780000000E+01 4.55168150000000E+01
-7.38473510000000E+01 4.55158270000000E+01
-7.38486940000000E+01 4.55148470000000E+01
-7.38488690000000E+01 4.55127110000000E+01
-7.38549420000000E+01 4.55083690000000E+01
-7.38551940000000E+01 4.55082020000000E+01
-7.38558500000000E+01 4.55077900000000E+01
-7.38566670000000E+01 4.55062680000000E+01
-7.38572160000000E+01 4.55056990000000E+01
-7.38583530000000E+01 4.55027690000000E+01
-7.38581470000000E+01 4.55019610000000E+01
-7.38581470000000E+01 4.55019610000000E+01
-7.38597260000000E+01 4.55016940000000E+01
-7.38589630000000E+01 4.55000000000000E+01
-7.38588100000000E+01 4.54996600000000E+01
-7.38559340000000E+01 4.54993130000000E+01
-7.38551410000000E+01 4.54978790000000E+01
-7.38540340000000E+01 4.54957200000000E+01
-7.38543930000000E+01 4.54951360000000E+01
-7.38558580000000E+01 4.54928090000000E+01
-7.38577420000000E+01 4.54912260000000E+01
-7.38586040000000E+01 4.54900090000000E+01
-7.38602370000000E+01 4.54889030000000E+01
-7.38620760000000E+01 4.54883380000000E+01
-7.38632660000000E+01 4.54878690000000E+01
-7.38636170000000E+01 4.54876980000000E+01
-7.38639450000000E+01 4.54876210000000E+01
-7.38654940000000E+01 4.54872470000000E+01
-7.38668590000000E+01 4.54874990000000E+01
-7.38677370000000E+01 4.54868280000000E+01
-7.38684920000000E+01 4.54865680000000E+01
-7.38689500000000E+01 4.54864040000000E+01
-7.38694310000000E+01 4.54862060000000E+01
-7.38696210000000E+01 4.54846570000000E+01
-7.38700100000000E+01 4.54843480000000E+01
-7.38699190000000E+01 4.54852070000000E+01
-7.38713990000000E+01 4.54832120000000E+01
-7.38717880000000E+01 4.54811940000000E+01
-7.38743520000000E+01 4.54801030000000E+01
-7.38748320000000E+01 4.54796600000000E+01
-7.38753740000000E+01 4.54792100000000E+01
-7.38756480000000E+01 4.54789010000000E+01
-7.38757930000000E+01 4.54775580000000E+01
-7.38762970000000E+01 4.54769400000000E+01
-7.38770680000000E+01 4.54756280000000E+01
-7.38769910000000E+01 4.54747010000000E+01
-7.38775790000000E+01 4.54742470000000E+01
-7.38782500000000E+01 4.54735830000000E+01
-7.38787080000000E+01 4.54728550000000E+01
-7.38788910000000E+01 4.54725950000000E+01
-7.38799670000000E+01 4.54722820000000E+01
-7.38811420000000E+01 4.54717830000000E+01
-7.38830110000000E+01 4.54721260000000E+01
-7.38836290000000E+01 4.54716570000000E+01
-7.38846280000000E+01 4.54702070000000E+01
-7.38852690000000E+01 4.54697650000000E+01
-7.38860170000000E+01 4.54698260000000E+01
-7.38867030000000E+01 4.54699480000000E+01
-7.38868180000000E+01 4.54694440000000E+01
-7.38880310000000E+01 4.54688260000000E+01
-7.38903580000000E+01 4.54684910000000E+01
-7.38915560000000E+01 4.54678270000000E+01
-7.38918080000000E+01 4.54666630000000E+01
-7.38930890000000E+01 4.54663700000000E+01
-7.38943940000000E+01 4.54668580000000E+01
-7.38963240000000E+01 4.54662480000000E+01
-7.38970720000000E+01 4.54660760000000E+01
-7.38974300000000E+01 4.54655990000000E+01
-7.38974910000000E+01 4.54655270000000E+01
-7.38977810000000E+01 4.54652520000000E+01
-7.38985670000000E+01 4.54652290000000E+01
-7.39011310000000E+01 4.54623180000000E+01
-7.39028400000000E+01 4.54626240000000E+01
-7.39032520000000E+01 4.54613040000000E+01
-7.39041900000000E+01 4.54605260000000E+01
-7.39063030000000E+01 4.54606170000000E+01
-7.39083180000000E+01 4.54608230000000E+01
-7.39086530000000E+01 4.54615940000000E+01
-7.39106830000000E+01 4.54612880000000E+01
-7.39110110000000E+01 4.54605520000000E+01
-7.39137730000000E+01 4.54603540000000E+01
-7.39152150000000E+01 4.54613990000000E+01
-7.39173660000000E+01 4.54616550000000E+01
-7.39190140000000E+01 4.54626390000000E+01
-7.39203190000000E+01 4.54640200000000E+01
-7.39216840000000E+01 4.54661140000000E+01
-7.39217990000000E+01 4.54681090000000E+01
-7.39218140000000E+01 4.54686430000000E+01
-7.39234010000000E+01 4.54689870000000E+01
-7.39226680000000E+01 4.54702300000000E+01
-7.39251100000000E+01 4.54715650000000E+01
-7.39265590000000E+01 4.54740030000000E+01
-7.39295650000000E+01 4.54738040000000E+01
-7.39309540000000E+01 4.54733240000000E+01
-7.39322280000000E+01 4.54732320000000E+01
-7.39324110000000E+01 4.54728810000000E+01
-7.39336700000000E+01 4.54724920000000E+01
-7.39349210000000E+01 4.54728390000000E+01
-7.39348530000000E+01 4.54732780000000E+01
-7.39381710000000E+01 4.54717480000000E+01
-7.39411160000000E+01 4.54683530000000E+01
-7.39401630000000E+01 4.54682880000000E+01
-7.39405750000000E+01 4.54670330000000E+01
-7.39394840000000E+01 4.54665260000000E+01
-7.39405290000000E+01 4.54660910000000E+01
-7.39416200000000E+01 4.54659190000000E+01
-7.39421160000000E+01 4.54654580000000E+01
-7.39424740000000E+01 4.54657330000000E+01
-7.39439160000000E+01 4.54638210000000E+01
-7.39450230000000E+01 4.54637990000000E+01
-7.39459080000000E+01 4.54640960000000E+01
-7.39466480000000E+01 4.54624600000000E+01
-7.39444430000000E+01 4.54623490000000E+01
-7.39424290000000E+01 4.54623260000000E+01
-7.39428630000000E+01 4.54607930000000E+01
-7.39440310000000E+01 4.54594800000000E+01
-7.39457090000000E+01 4.54592590000000E+01
-7.39462050000000E+01 4.54588170000000E+01
-7.39471360000000E+01 4.54588010000000E+01
-7.39474410000000E+01 4.54600830000000E+01
-7.39477160000000E+01 4.54573900000000E+01
-7.39460370000000E+01 4.54571650000000E+01
-7.39455950000000E+01 4.54579240000000E+01
-7.39440080000000E+01 4.54556540000000E+01
-7.39420620000000E+01 4.54555820000000E+01
-7.39410250000000E+01 4.54559020000000E+01
-7.39402470000000E+01 4.54549520000000E+01
-7.39391780000000E+01 4.54542660000000E+01
-7.39393460000000E+01 4.54538310000000E+01
-7.39369510000000E+01 4.54535100000000E+01
-7.39372330000000E+01 4.54520190000000E+01
-7.39378360000000E+01 4.54516300000000E+01
-7.39377290000000E+01 4.54511300000000E+01
-7.39380260000000E+01 4.54504780000000E+01
-7.39369810000000E+01 4.54499280000000E+01
-7.39380110000000E+01 4.54500050000000E+01
-7.39386980000000E+01 4.54504970000000E+01
-7.39403610000000E+01 4.54492650000000E+01
-7.39425960000000E+01 4.54487380000000E+01
-7.39456100000000E+01 4.54501420000000E+01
-7.39460680000000E+01 4.54495350000000E+01
-7.39487300000000E+01 4.54502260000000E+01
-7.39509200000000E+01 4.54490550000000E+01
-7.39524840000000E+01 4.54482310000000E+01
-7.39503860000000E+01 4.54472810000000E+01
-7.39527890000000E+01 4.54462430000000E+01
-7.39520260000000E+01 4.54457510000000E+01
-7.39540250000000E+01 4.54451680000000E+01
-7.39558720000000E+01 4.54453320000000E+01
-7.39570920000000E+01 4.54463080000000E+01
-7.39593660000000E+01 4.54459800000000E+01
-7.39612500000000E+01 4.54457890000000E+01
-7.39597630000000E+01 4.54448130000000E+01
-7.39584660000000E+01 4.54442480000000E+01
-7.39589230000000E+01 4.54431230000000E+01
-7.39596710000000E+01 4.54432180000000E+01
-7.39595950000000E+01 4.54428250000000E+01
-7.39605410000000E+01 4.54429780000000E+01
-7.39615940000000E+01 4.54430470000000E+01
-7.39618000000000E+01 4.54424970000000E+01
-7.39620900000000E+01 4.54428140000000E+01
-7.39626240000000E+01 4.54425050000000E+01
-7.39627460000000E+01 4.54429740000000E+01
-7.39640810000000E+01 4.54416690000000E+01
-7.39655990000000E+01 4.54418410000000E+01
-7.39668580000000E+01 4.54413220000000E+01
-7.39675600000000E+01 4.54424820000000E+01
-7.39686510000000E+01 4.54417420000000E+01
-7.39678570000000E+01 4.54401970000000E+01
-7.39681780000000E+01 4.54388470000000E+01
-7.39701390000000E+01 4.54386860000000E+01
-7.39718250000000E+01 4.54372330000000E+01
-7.39721760000000E+01 4.54363170000000E+01
-7.39727710000000E+01 4.54366950000000E+01
-7.39731980000000E+01 4.54359630000000E+01
-7.39737700000000E+01 4.54331400000000E+01
-7.39752040000000E+01 4.54310840000000E+01
-7.39746780000000E+01 4.54305730000000E+01
-7.39758380000000E+01 4.54281010000000E+01
-7.39757690000000E+01 4.54266700000000E+01
-7.39752120000000E+01 4.54253460000000E+01
-7.39741670000000E+01 4.54255030000000E+01
-7.39727550000000E+01 4.54251140000000E+01
-7.39715350000000E+01 4.54251820000000E+01
-7.39711380000000E+01 4.54245380000000E+01
-7.39705580000000E+01 4.54243280000000E+01
-7.39710240000000E+01 4.54215430000000E+01
-7.39710240000000E+01 4.54213220000000E+01
-7.39710460000000E+01 4.54212000000000E+01
-7.39707110000000E+01 4.54204480000000E+01
-7.39694820000000E+01 4.54192010000000E+01
-7.39689870000000E+01 4.54175570000000E+01
-7.39680400000000E+01 4.54185680000000E+01
-7.39671400000000E+01 4.54178200000000E+01
-7.39654920000000E+01 4.54175570000000E+01
-7.39644700000000E+01 4.54169200000000E+01
-7.39647600000000E+01 4.54157410000000E+01
-7.39661560000000E+01 4.54145660000000E+01
-7.39651640000000E+01 4.54141540000000E+01
-7.39650120000000E+01 4.54134600000000E+01
-7.39626850000000E+01 4.54124680000000E+01
-7.39616470000000E+01 4.54112740000000E+01
-7.39605330000000E+01 4.54100040000000E+01
-7.39598460000000E+01 4.54091420000000E+01
-7.39591830000000E+01 4.54087490000000E+01
-7.39576420000000E+01 4.54075930000000E+01
-7.39580310000000E+01 4.54056820000000E+01
-7.39574510000000E+01 4.54048080000000E+01
-7.39563520000000E+01 4.54043880000000E+01
-7.39559020000000E+01 4.54042430000000E+01
-7.39553830000000E+01 4.54040340000000E+01
-7.39552230000000E+01 4.54039540000000E+01
-7.39536670000000E+01 4.54033360000000E+01
-7.39518360000000E+01 4.54029810000000E+01
-7.39496690000000E+01 4.54024240000000E+01
-7.39488980000000E+01 4.54021030000000E+01
-7.39463880000000E+01 4.54022100000000E+01
-7.39447250000000E+01 4.54023780000000E+01
-7.39437410000000E+01 4.54025760000000E+01
-7.39406280000000E+01 4.54028820000000E+01
-7.39394150000000E+01 4.54033810000000E+01
-7.39374690000000E+01 4.54042280000000E+01
-7.39351430000000E+01 4.54041980000000E+01
-7.39341580000000E+01 4.54042890000000E+01
-7.39330520000000E+01 4.54044610000000E+01
-7.39324040000000E+01 4.54032710000000E+01
-7.39318770000000E+01 4.54039190000000E+01
-7.39311070000000E+01 4.54035300000000E+01
-7.39298100000000E+01 4.54033740000000E+01
-7.39278260000000E+01 4.54033580000000E+01
-7.39266430000000E+01 4.54039000000000E+01
-7.39261170000000E+01 4.54035530000000E+01
-7.39256740000000E+01 4.54039690000000E+01
-7.39247280000000E+01 4.54039540000000E+01
-7.39247130000000E+01 4.54035000000000E+01
-7.39243010000000E+01 4.54040220000000E+01
-7.39235920000000E+01 4.54039730000000E+01
-7.39225770000000E+01 4.54034840000000E+01
-7.39216770000000E+01 4.54036980000000E+01
-7.39211270000000E+01 4.54043540000000E+01
-7.39211500000000E+01 4.54057310000000E+01
-7.39194720000000E+01 4.54076500000000E+01
-7.39180910000000E+01 4.54077530000000E+01
-7.39166560000000E+01 4.54076840000000E+01
-7.39157710000000E+01 4.54081760000000E+01
-7.39147190000000E+01 4.54089130000000E+01
-7.39099120000000E+01 4.54108350000000E+01
-7.39065250000000E+01 4.54113880000000E+01
-7.39039840000000E+01 4.54112280000000E+01
-7.39010240000000E+01 4.54111860000000E+01
-7.38991470000000E+01 4.54121970000000E+01
-7.38976060000000E+01 4.54129710000000E+01
-7.38956760000000E+01 4.54138410000000E+01
-7.38945690000000E+01 4.54140820000000E+01
-7.38929440000000E+01 4.54140740000000E+01
-7.38903810000000E+01 4.54148060000000E+01
-7.38871380000000E+01 4.54142420000000E+01
-7.38853000000000E+01 4.54151840000000E+01
-7.38839570000000E+01 4.54153560000000E+01
-7.38832630000000E+01 4.54159360000000E+01
-7.38812940000000E+01 4.54140890000000E+01
-7.38795700000000E+01 4.54145810000000E+01
-7.38791050000000E+01 4.54154320000000E+01
-7.38793180000000E+01 4.54164430000000E+01
-7.38787230000000E+01 4.54168210000000E+01
-7.38778610000000E+01 4.54172710000000E+01
-7.38763500000000E+01 4.54188270000000E+01
-7.38738710000000E+01 4.54200440000000E+01
-7.38727340000000E+01 4.54198230000000E+01
-7.38720550000000E+01 4.54200970000000E+01
-7.38715900000000E+01 4.54198300000000E+01
-7.38712620000000E+01 4.54200290000000E+01
-7.38707350000000E+01 4.54195520000000E+01
-7.38707810000000E+01 4.54207340000000E+01
-7.38683700000000E+01 4.54209020000000E+01
-7.38665540000000E+01 4.54209750000000E+01
-7.38638310000000E+01 4.54220960000000E+01
-7.38630140000000E+01 4.54221040000000E+01
-7.38621290000000E+01 4.54227710000000E+01
-7.38609540000000E+01 4.54222340000000E+01
-7.38608780000000E+01 4.54225040000000E+01
-7.38606640000000E+01 4.54230160000000E+01
-7.38605500000000E+01 4.54238970000000E+01
-7.38567730000000E+01 4.54246790000000E+01
-7.38528750000000E+01 4.54269030000000E+01
-7.38521190000000E+01 4.54268650000000E+01
-7.38522420000000E+01 4.54274900000000E+01
-7.38496170000000E+01 4.54284820000000E+01
-7.38479160000000E+01 4.54291610000000E+01
-7.38470610000000E+01 4.54296150000000E+01
-7.38461380000000E+01 4.54295350000000E+01
-7.38450550000000E+01 4.54295540000000E+01
-7.38415300000000E+01 4.54283140000000E+01
-7.38404080000000E+01 4.54272540000000E+01
-7.38376850000000E+01 4.54265290000000E+01
-7.38364940000000E+01 4.54259220000000E+01
-7.38343890000000E+01 4.54275630000000E+01
-7.38322370000000E+01 4.54284740000000E+01
-7.38318250000000E+01 4.54284780000000E+01
-7.38304210000000E+01 4.54284900000000E+01
-7.38281630000000E+01 4.54279940000000E+01
-7.38268050000000E+01 4.54271890000000E+01
-7.38267900000000E+01 4.54261280000000E+01
-7.38270800000000E+01 4.54251370000000E+01
-7.38257680000000E+01 4.54248580000000E+01
-7.38256680000000E+01 4.54258880000000E+01
-7.38237230000000E+01 4.54267540000000E+01
-7.38220900000000E+01 4.54267580000000E+01
-7.38211520000000E+01 4.54274830000000E+01
-7.38226850000000E+01 4.54288940000000E+01
-7.38204730000000E+01 4.54301680000000E+01
-7.38183820000000E+01 4.54308200000000E+01
-7.38190990000000E+01 4.54317860000000E+01
-7.38172070000000E+01 4.54327660000000E+01
-7.38120270000000E+01 4.54329950000000E+01
-7.38102110000000E+01 4.54336810000000E+01
-7.38065490000000E+01 4.54349140000000E+01
-7.38044740000000E+01 4.54339450000000E+01
-7.38033830000000E+01 4.54350400000000E+01
-7.38043440000000E+01 4.54373320000000E+01
-7.38039400000000E+01 4.54386440000000E+01
-7.38042450000000E+01 4.54397580000000E+01
-7.38030780000000E+01 4.54412350000000E+01
-7.38031460000000E+01 4.54425200000000E+01
-7.38008350000000E+01 4.54437450000000E+01
-7.37995380000000E+01 4.54439620000000E+01
-7.37986530000000E+01 4.54448970000000E+01
-7.37985000000000E+01 4.54463880000000E+01
-7.37974400000000E+01 4.54468080000000E+01
-7.37964250000000E+01 4.54466550000000E+01
-7.37943500000000E+01 4.54477040000000E+01
-7.37920300000000E+01 4.54479560000000E+01
-7.37911530000000E+01 4.54478870000000E+01
-7.37888410000000E+01 4.54477080000000E+01
-7.37870640000000E+01 4.54477770000000E+01
-7.37861560000000E+01 4.54474790000000E+01
-7.37838440000000E+01 4.54467240000000E+01
-7.37811050000000E+01 4.54460600000000E+01
-7.37787780000000E+01 4.54448360000000E+01
-7.37764510000000E+01 4.54434590000000E+01
-7.37753300000000E+01 4.54422760000000E+01
-7.37753450000000E+01 4.54404140000000E+01
-7.37747270000000E+01 4.54391710000000E+01
-7.37733000000000E+01 4.54396100000000E+01
-7.37720640000000E+01 4.54403500000000E+01
-7.37705310000000E+01 4.54406050000000E+01
-7.37678990000000E+01 4.54397320000000E+01
-7.37658620000000E+01 4.54381030000000E+01
-7.37642360000000E+01 4.54399680000000E+01
-7.37612230000000E+01 4.54397960000000E+01
-7.37582240000000E+01 4.54384880000000E+01
-7.37548290000000E+01 4.54355620000000E+01
-7.37538300000000E+01 4.54355320000000E+01
-7.37550740000000E+01 4.54363520000000E+01
-7.37547760000000E+01 4.54367330000000E+01
-7.37538450000000E+01 4.54361230000000E+01
-7.37543950000000E+01 4.54369770000000E+01
-7.37538910000000E+01 4.54377400000000E+01
-7.37532880000000E+01 4.54367680000000E+01
-7.37535400000000E+01 4.54378740000000E+01
-7.37504880000000E+01 4.54366530000000E+01
-7.37504880000000E+01 4.54360690000000E+01
-7.37499540000000E+01 4.54355740000000E+01
-7.37485200000000E+01 4.54360080000000E+01
-7.37476810000000E+01 4.54369430000000E+01
-7.37464680000000E+01 4.54371910000000E+01
-7.37450870000000E+01 4.54379880000000E+01
-7.37397230000000E+01 4.54381100000000E+01
-7.37391740000000E+01 4.54375990000000E+01
-7.37384260000000E+01 4.54378430000000E+01
-7.37355880000000E+01 4.54370730000000E+01
-7.37339320000000E+01 4.54376260000000E+01
-7.37311630000000E+01 4.54363900000000E+01
-7.37279360000000E+01 4.54369620000000E+01
-7.37273100000000E+01 4.54369430000000E+01
-7.37270810000000E+01 4.54377440000000E+01
-7.37251660000000E+01 4.54380420000000E+01
-7.37244720000000E+01 4.54385490000000E+01
-7.37253340000000E+01 4.54388620000000E+01
-7.37242660000000E+01 4.54387440000000E+01
-7.37231830000000E+01 4.54380680000000E+01
-7.37202910000000E+01 4.54384310000000E+01
-7.37194980000000E+01 4.54385720000000E+01
-7.37172930000000E+01 4.54383660000000E+01
-7.37146760000000E+01 4.54371490000000E+01
-7.37135540000000E+01 4.54363370000000E+01
-7.37098690000000E+01 4.54358290000000E+01
-7.37085340000000E+01 4.54361500000000E+01
-7.37052540000000E+01 4.54348260000000E+01
-7.37042770000000E+01 4.54349290000000E+01
-7.37013700000000E+01 4.54346430000000E+01
-7.37006380000000E+01 4.54348300000000E+01
-7.37000050000000E+01 4.54346430000000E+01
-7.36971740000000E+01 4.54336890000000E+01
-7.36961290000000E+01 4.54335670000000E+01
-7.36947710000000E+01 4.54324720000000E+01
-7.36954730000000E+01 4.54320830000000E+01
-7.36941830000000E+01 4.54323350000000E+01
-7.36929860000000E+01 4.54323540000000E+01
-7.36928560000000E+01 4.54327810000000E+01
-7.36918790000000E+01 4.54322700000000E+01
-7.36919710000000E+01 4.54326710000000E+01
-7.36913760000000E+01 4.54329760000000E+01
-7.36895140000000E+01 4.54331590000000E+01
-7.36889950000000E+01 4.54330410000000E+01
-7.36865310000000E+01 4.54336970000000E+01
-7.36858290000000E+01 4.54328040000000E+01
-7.36854020000000E+01 4.54331470000000E+01
-7.36845780000000E+01 4.54330140000000E+01
-7.36846620000000E+01 4.54322090000000E+01
-7.36836400000000E+01 4.54329870000000E+01
-7.36778490000000E+01 4.54317780000000E+01
-7.36768570000000E+01 4.54316520000000E+01
-7.36724620000000E+01 4.54314960000000E+01
-7.36696470000000E+01 4.54314120000000E+01
-7.36694340000000E+01 4.54310990000000E+01
-7.36725390000000E+01 4.54306790000000E+01
-7.36738200000000E+01 4.54305230000000E+01
-7.36777650000000E+01 4.54306980000000E+01
-7.36791920000000E+01 4.54307900000000E+01
-7.36853260000000E+01 4.54308780000000E+01
-7.36868440000000E+01 4.54306640000000E+01
-7.36867370000000E+01 4.54305080000000E+01
-7.36854170000000E+01 4.54306560000000E+01
-7.36791920000000E+01 4.54305460000000E+01
-7.36791920000000E+01 4.54305460000000E+01
-7.36777420000000E+01 4.54304890000000E+01
-7.36739580000000E+01 4.54302900000000E+01
-7.36725540000000E+01 4.54304160000000E+01
-7.36693500000000E+01 4.54307750000000E+01
-7.36693650000000E+01 4.54302440000000E+01
-7.36705250000000E+01 4.54294400000000E+01
-7.36725850000000E+01 4.54287450000000E+01
-7.36731030000000E+01 4.54285700000000E+01
-7.36745380000000E+01 4.54282760000000E+01
-7.36756740000000E+01 4.54281620000000E+01
-7.36765060000000E+01 4.54282720000000E+01
-7.36777110000000E+01 4.54283790000000E+01
-7.36790160000000E+01 4.54286380000000E+01
-7.36804890000000E+01 4.54290160000000E+01
-7.36815340000000E+01 4.54292070000000E+01
-7.36825490000000E+01 4.54292220000000E+01
-7.36833190000000E+01 4.54291420000000E+01
-7.36863940000000E+01 4.54289130000000E+01
-7.36879880000000E+01 4.54291040000000E+01
-7.36886900000000E+01 4.54291270000000E+01
-7.36884770000000E+01 4.54285740000000E+01
-7.36856990000000E+01 4.54282150000000E+01
-7.36833420000000E+01 4.54281500000000E+01
-7.36804660000000E+01 4.54280240000000E+01
-7.36777270000000E+01 4.54278680000000E+01
-7.36767120000000E+01 4.54276280000000E+01
-7.36759340000000E+01 4.54278450000000E+01
-7.36738200000000E+01 4.54280400000000E+01
-7.36726610000000E+01 4.54282110000000E+01
-7.36705400000000E+01 4.54287680000000E+01
-7.36690520000000E+01 4.54288410000000E+01
-7.36683350000000E+01 4.54288750000000E+01
-7.36682660000000E+01 4.54288790000000E+01
-7.36664730000000E+01 4.54285810000000E+01
-7.36655580000000E+01 4.54276920000000E+01
-7.36647110000000E+01 4.54268950000000E+01
-7.36644590000000E+01 4.54266240000000E+01
-7.36631930000000E+01 4.54262960000000E+01
-7.36610640000000E+01 4.54254190000000E+01
-7.36581270000000E+01 4.54234730000000E+01
-7.36549220000000E+01 4.54218940000000E+01
-7.36528400000000E+01 4.54207760000000E+01
-7.36503300000000E+01 4.54197880000000E+01
-7.36487880000000E+01 4.54190640000000E+01
-7.36461790000000E+01 4.54177630000000E+01
-7.36446080000000E+01 4.54167250000000E+01
-7.36420360000000E+01 4.54157830000000E+01
-7.36386180000000E+01 4.54153060000000E+01
-7.36328350000000E+01 4.54155850000000E+01
-7.36322860000000E+01 4.54157560000000E+01
-7.36319960000000E+01 4.54160270000000E+01
-7.36308520000000E+01 4.54183460000000E+01
-7.36293720000000E+01 4.54202190000000E+01
-7.36272130000000E+01 4.54215010000000E+01
-7.36258470000000E+01 4.54219400000000E+01
-7.36223830000000E+01 4.54229970000000E+01
-7.36202770000000E+01 4.54237020000000E+01
-7.36195300000000E+01 4.54239810000000E+01
-7.36182400000000E+01 4.54245910000000E+01
-7.36158910000000E+01 4.54260900000000E+01
-7.36151200000000E+01 4.54266200000000E+01
-7.36099170000000E+01 4.54298930000000E+01
-7.36095960000000E+01 4.54300650000000E+01
-7.36075440000000E+01 4.54313850000000E+01
-7.36052860000000E+01 4.54328270000000E+01
-7.36032940000000E+01 4.54342230000000E+01
-7.36022570000000E+01 4.54349520000000E+01
-7.36017530000000E+01 4.54352800000000E+01
-7.36009900000000E+01 4.54359700000000E+01
-7.35997700000000E+01 4.54373440000000E+01
-7.35996480000000E+01 4.54375000000000E+01
-7.35970080000000E+01 4.54407160000000E+01
-7.35964200000000E+01 4.54413410000000E+01
-7.35946580000000E+01 4.54432070000000E+01
-7.35941310000000E+01 4.54436760000000E+01
-7.35939790000000E+01 4.54438290000000E+01
-7.35925060000000E+01 4.54453890000000E+01
-7.35919190000000E+01 4.54459880000000E+01
-7.35913540000000E+01 4.54466710000000E+01
-7.35904390000000E+01 4.54475360000000E+01
-7.35898970000000E+01 4.54480480000000E+01
-7.35895000000000E+01 4.54484670000000E+01
-7.35886920000000E+01 4.54491620000000E+01
-7.35877910000000E+01 4.54500620000000E+01
-7.35861890000000E+01 4.54512250000000E+01
-7.35846560000000E+01 4.54524040000000E+01
-7.35839000000000E+01 4.54531440000000E+01
-7.35826640000000E+01 4.54544870000000E+01
-7.35823210000000E+01 4.54550900000000E+01
-7.35819020000000E+01 4.54556500000000E+01
-7.35812910000000E+01 4.54569090000000E+01
-7.35809940000000E+01 4.54579010000000E+01
-7.35808490000000E+01 4.54595990000000E+01
-7.35808490000000E+01 4.54596900000000E+01
-7.35808790000000E+01 4.54605180000000E+01
-7.35813520000000E+01 4.54624940000000E+01
-7.35813450000000E+01 4.54633560000000E+01
-7.35806270000000E+01 4.54663430000000E+01
-7.35782240000000E+01 4.54704320000000E+01
-7.35768130000000E+01 4.54720380000000E+01
-7.35755770000000E+01 4.54732930000000E+01
-7.35753170000000E+01 4.54731520000000E+01
-7.35764850000000E+01 4.54719430000000E+01
-7.35779420000000E+01 4.54703520000000E+01
-7.35801700000000E+01 4.54666520000000E+01
-7.35803530000000E+01 4.54663430000000E+01
-7.35805210000000E+01 4.54654270000000E+01
-7.35808870000000E+01 4.54633670000000E+01
-7.35807650000000E+01 4.54624790000000E+01
-7.35803680000000E+01 4.54605060000000E+01
-7.35803910000000E+01 4.54597130000000E+01
-7.35803150000000E+01 4.54593930000000E+01
-7.35804750000000E+01 4.54579810000000E+01
-7.35807500000000E+01 4.54568860000000E+01
-7.35816960000000E+01 4.54550930000000E+01
-7.35834880000000E+01 4.54530600000000E+01
-7.35842210000000E+01 4.54522590000000E+01
-7.35855480000000E+01 4.54513170000000E+01
-7.35874400000000E+01 4.54499050000000E+01
-7.35881580000000E+01 4.54491620000000E+01
-7.35897980000000E+01 4.54474680000000E+01
-7.35908430000000E+01 4.54464800000000E+01
-7.35912700000000E+01 4.54459720000000E+01
-7.35924300000000E+01 4.54448010000000E+01
-7.35936740000000E+01 4.54436450000000E+01
-7.35939940000000E+01 4.54431950000000E+01
-7.35947880000000E+01 4.54424060000000E+01
-7.35953450000000E+01 4.54417000000000E+01
-7.35958560000000E+01 4.54412420000000E+01
-7.35964970000000E+01 4.54404600000000E+01
-7.35972900000000E+01 4.54392780000000E+01
-7.35986710000000E+01 4.54375000000000E+01
-7.35988770000000E+01 4.54372330000000E+01
-7.36002960000000E+01 4.54356610000000E+01
-7.36009750000000E+01 4.54350090000000E+01
-7.36014940000000E+01 4.54346470000000E+01
-7.36026690000000E+01 4.54338530000000E+01
-7.36046140000000E+01 4.54326130000000E+01
-7.36088030000000E+01 4.54298630000000E+01
-7.36092990000000E+01 4.54295230000000E+01
-7.36153950000000E+01 4.54257430000000E+01
-7.36177600000000E+01 4.54242130000000E+01
-7.36195450000000E+01 4.54232980000000E+01
-7.36221240000000E+01 4.54225310000000E+01
-7.36268540000000E+01 4.54210280000000E+01
-7.36288380000000E+01 4.54198610000000E+01
-7.36301500000000E+01 4.54182130000000E+01
-7.36312260000000E+01 4.54159240000000E+01
-7.36303100000000E+01 4.54157830000000E+01
-7.36302190000000E+01 4.54152790000000E+01
-7.36295470000000E+01 4.54153790000000E+01
-7.36292950000000E+01 4.54154590000000E+01
-7.36269380000000E+01 4.54152180000000E+01
-7.36215520000000E+01 4.54149020000000E+01
-7.36173250000000E+01 4.54155960000000E+01
-7.36154250000000E+01 4.54160960000000E+01
-7.36118390000000E+01 4.54159660000000E+01
-7.36102910000000E+01 4.54166030000000E+01
-7.36074140000000E+01 4.54176180000000E+01
-7.36060940000000E+01 4.54181290000000E+01
-7.36024020000000E+01 4.54197160000000E+01
-7.36002120000000E+01 4.54220540000000E+01
-7.35995410000000E+01 4.54227830000000E+01
-7.35970840000000E+01 4.54247090000000E+01
-7.35961760000000E+01 4.54260830000000E+01
-7.35957110000000E+01 4.54267230000000E+01
-7.35955510000000E+01 4.54276430000000E+01
-7.35949100000000E+01 4.54281620000000E+01
-7.35938490000000E+01 4.54286920000000E+01
-7.35927960000000E+01 4.54292260000000E+01
-7.35921480000000E+01 4.54303970000000E+01
-7.35919720000000E+01 4.54306300000000E+01
-7.35909730000000E+01 4.54310070000000E+01
-7.35902020000000E+01 4.54316290000000E+01
-7.35884090000000E+01 4.54322740000000E+01
-7.35839770000000E+01 4.54350130000000E+01
-7.35811390000000E+01 4.54375000000000E+01
-7.35797120000000E+01 4.54387550000000E+01
-7.35765690000000E+01 4.54413800000000E+01
-7.35776750000000E+01 4.54410170000000E+01
-7.35747450000000E+01 4.54434590000000E+01
-7.35742800000000E+01 4.54438210000000E+01
-7.35736620000000E+01 4.54446300000000E+01
-7.35733490000000E+01 4.54452740000000E+01
-7.35723110000000E+01 4.54460950000000E+01
-7.35707550000000E+01 4.54472310000000E+01
-7.35677490000000E+01 4.54493030000000E+01
-7.35664750000000E+01 4.54511340000000E+01
-7.35639650000000E+01 4.54543500000000E+01
-7.35609970000000E+01 4.54586330000000E+01
-7.35606690000000E+01 4.54610980000000E+01
-7.35606000000000E+01 4.54617420000000E+01
-7.35605930000000E+01 4.54622310000000E+01
-7.35604860000000E+01 4.54648130000000E+01
-7.35602570000000E+01 4.54674840000000E+01
-7.35594410000000E+01 4.54686550000000E+01
-7.35575180000000E+01 4.54692230000000E+01
-7.35572430000000E+01 4.54693790000000E+01
-7.35571440000000E+01 4.54695740000000E+01
-7.35575180000000E+01 4.54696580000000E+01
-7.35602570000000E+01 4.54709850000000E+01
-7.35603100000000E+01 4.54711380000000E+01
-7.35600430000000E+01 4.54711840000000E+01
-7.35570300000000E+01 4.54697230000000E+01
-7.35564880000000E+01 4.54697570000000E+01
-7.35550990000000E+01 4.54702450000000E+01
-7.35545120000000E+01 4.54705660000000E+01
-7.35537110000000E+01 4.54706120000000E+01
-7.35532910000000E+01 4.54712070000000E+01
-7.35530780000000E+01 4.54715610000000E+01
-7.35517430000000E+01 4.54722900000000E+01
-7.35503620000000E+01 4.54728360000000E+01
-7.35480420000000E+01 4.54735980000000E+01
-7.35469740000000E+01 4.54738200000000E+01
-7.35453260000000E+01 4.54746630000000E+01
-7.35426940000000E+01 4.54766270000000E+01
-7.35411220000000E+01 4.54773330000000E+01
-7.35408170000000E+01 4.54773980000000E+01
-7.35395280000000E+01 4.54799000000000E+01
-7.35382840000000E+01 4.54839060000000E+01
-7.35380250000000E+01 4.54860800000000E+01
-7.35384290000000E+01 4.54867100000000E+01
-7.35389100000000E+01 4.54875030000000E+01
-7.35395660000000E+01 4.54883540000000E+01
-7.35402450000000E+01 4.54890560000000E+01
-7.35417100000000E+01 4.54902310000000E+01
-7.35419770000000E+01 4.54916110000000E+01
-7.35418090000000E+01 4.54916380000000E+01
-7.35429460000000E+01 4.54957430000000E+01
-7.35434800000000E+01 4.54989400000000E+01
-7.35434800000000E+01 4.55031850000000E+01
-7.35434880000000E+01 4.55038600000000E+01
-7.35434720000000E+01 4.55047910000000E+01
-7.35434880000000E+01 4.55079650000000E+01
-7.35439830000000E+01 4.55080490000000E+01
-7.35451510000000E+01 4.55025250000000E+01
-7.35461580000000E+01 4.54949300000000E+01
-7.35472870000000E+01 4.54950490000000E+01
-7.35466000000000E+01 4.54999960000000E+01
-7.35484920000000E+01 4.55000880000000E+01
-7.35495610000000E+01 4.54918140000000E+01
-7.35498430000000E+01 4.54916950000000E+01
-7.35499500000000E+01 4.54915620000000E+01
-7.35504000000000E+01 4.54915700000000E+01
-7.35503620000000E+01 4.54917530000000E+01
-7.35506290000000E+01 4.54917950000000E+01
-7.35500110000000E+01 4.54996260000000E+01
-7.35511090000000E+01 4.54997370000000E+01
-7.35513460000000E+01 4.54993020000000E+01
-7.35515520000000E+01 4.54984780000000E+01
-7.35518040000000E+01 4.54985010000000E+01
-7.35515440000000E+01 4.54997060000000E+01
-7.35520170000000E+01 4.54997900000000E+01
-7.35523070000000E+01 4.54983370000000E+01
-7.35524370000000E+01 4.54983290000000E+01
-7.35525210000000E+01 4.54983480000000E+01
-7.35525510000000E+01 4.54983980000000E+01
-7.35525360000000E+01 4.54985690000000E+01
-7.35525590000000E+01 4.54993320000000E+01
-7.35527800000000E+01 4.54994540000000E+01
-7.35532840000000E+01 4.55019990000000E+01
-7.35488130000000E+01 4.55023800000000E+01
-7.35485530000000E+01 4.55033190000000E+01
-7.35532610000000E+01 4.55030210000000E+01
-7.35529250000000E+01 4.55043870000000E+01
-7.35481800000000E+01 4.55047000000000E+01
-7.35478900000000E+01 4.55056270000000E+01
-7.35524670000000E+01 4.55054090000000E+01
-7.35516360000000E+01 4.55067860000000E+01
-7.35474400000000E+01 4.55070270000000E+01
-7.35473020000000E+01 4.55078160000000E+01
-7.35510560000000E+01 4.55077590000000E+01
-7.35503160000000E+01 4.55092120000000E+01
-7.35470050000000E+01 4.55092890000000E+01
-7.35461350000000E+01 4.55123940000000E+01
-7.35468290000000E+01 4.55128590000000E+01
-7.35475080000000E+01 4.55111270000000E+01
-7.35480580000000E+01 4.55102390000000E+01
-7.35496670000000E+01 4.55102500000000E+01
-7.35492630000000E+01 4.55109020000000E+01
-7.35480190000000E+01 4.55130420000000E+01
-7.35469440000000E+01 4.55152780000000E+01
-7.35468830000000E+01 4.55155140000000E+01
-7.35456470000000E+01 4.55194090000000E+01
-7.35452650000000E+01 4.55204120000000E+01
-7.35455170000000E+01 4.55205080000000E+01
-7.35449750000000E+01 4.55223770000000E+01
-7.35448990000000E+01 4.55225910000000E+01
-7.35436250000000E+01 4.55259320000000E+01
-7.35438920000000E+01 4.55260470000000E+01
-7.35432360000000E+01 4.55273170000000E+01
-7.35435410000000E+01 4.55274120000000E+01
-7.35433500000000E+01 4.55277600000000E+01
-7.35432130000000E+01 4.55280270000000E+01
-7.35428470000000E+01 4.55286900000000E+01
-7.35431060000000E+01 4.55288090000000E+01
-7.35424190000000E+01 4.55300450000000E+01
-7.35426940000000E+01 4.55301670000000E+01
-7.35416720000000E+01 4.55326230000000E+01
-7.35416260000000E+01 4.55327990000000E+01
-7.35418930000000E+01 4.55329130000000E+01
-7.35407790000000E+01 4.55357130000000E+01
-7.35372920000000E+01 4.55392340000000E+01
-7.35370940000000E+01 4.55394550000000E+01
-7.35352630000000E+01 4.55413250000000E+01
-7.35344090000000E+01 4.55414510000000E+01
-7.35321500000000E+01 4.55419960000000E+01
-7.35321730000000E+01 4.55426860000000E+01
-7.35342030000000E+01 4.55423130000000E+01
-7.35343250000000E+01 4.55427510000000E+01
-7.35327760000000E+01 4.55431370000000E+01
-7.35328370000000E+01 4.55433430000000E+01
-7.35339660000000E+01 4.55431330000000E+01
-7.35336530000000E+01 4.55436440000000E+01
-7.35302120000000E+01 4.55442850000000E+01
-7.35301060000000E+01 4.55445290000000E+01
-7.35298770000000E+01 4.55450740000000E+01
-7.35311510000000E+01 4.55448800000000E+01
-7.35330430000000E+01 4.55445440000000E+01
-7.35324940000000E+01 4.55453030000000E+01
-7.35321960000000E+01 4.55456120000000E+01
-7.35291440000000E+01 4.55461880000000E+01
-7.35277710000000E+01 4.55489810000000E+01
-7.35259170000000E+01 4.55512500000000E+01
-7.35248110000000E+01 4.55526890000000E+01
-7.35227050000000E+01 4.55552790000000E+01
-7.35190580000000E+01 4.55590780000000E+01
-7.35195690000000E+01 4.55593030000000E+01
-7.35212550000000E+01 4.55576210000000E+01
-7.35221250000000E+01 4.55580520000000E+01
-7.35212710000000E+01 4.55593640000000E+01
-7.35218510000000E+01 4.55594560000000E+01
-7.35210110000000E+01 4.55606580000000E+01
-7.35211490000000E+01 4.55607260000000E+01
-7.35229340000000E+01 4.55585900000000E+01
-7.35240860000000E+01 4.55571820000000E+01
-7.35244670000000E+01 4.55569230000000E+01
-7.35254140000000E+01 4.55573430000000E+01
-7.35256730000000E+01 4.55575370000000E+01
-7.35255360000000E+01 4.55577740000000E+01
-7.35256880000000E+01 4.55578420000000E+01
-7.35246810000000E+01 4.55591390000000E+01
-7.35238190000000E+01 4.55601540000000E+01
-7.35222470000000E+01 4.55620270000000E+01
-7.35218660000000E+01 4.55625000000000E+01
-7.35185620000000E+01 4.55665780000000E+01
-7.35196000000000E+01 4.55669980000000E+01
-7.35205990000000E+01 4.55670470000000E+01
-7.35203020000000E+01 4.55675350000000E+01
-7.35196990000000E+01 4.55685310000000E+01
-7.35148770000000E+01 4.55711820000000E+01
-7.35112300000000E+01 4.55748900000000E+01
-7.35119090000000E+01 4.55752450000000E+01
-7.35125430000000E+01 4.55747180000000E+01
-7.35137410000000E+01 4.55753940000000E+01
-7.35108570000000E+01 4.55784000000000E+01
-7.35100710000000E+01 4.55788190000000E+01
-7.35091550000000E+01 4.55798260000000E+01
-7.35091930000000E+01 4.55802380000000E+01
-7.35076520000000E+01 4.55826990000000E+01
-7.35069660000000E+01 4.55837860000000E+01
-7.35065770000000E+01 4.55844270000000E+01
-7.35064620000000E+01 4.55851170000000E+01
-7.35064010000000E+01 4.55853230000000E+01
-7.35070190000000E+01 4.55888020000000E+01
-7.35071790000000E+01 4.55897980000000E+01
-7.35094220000000E+01 4.55942500000000E+01
-7.35096890000000E+01 4.55951770000000E+01
-7.35107500000000E+01 4.55984990000000E+01
-7.35109710000000E+01 4.56011770000000E+01
-7.35109250000000E+01 4.56020130000000E+01
-7.35102840000000E+01 4.56079750000000E+01
-7.35091930000000E+01 4.56111260000000E+01
-7.35049900000000E+01 4.56164400000000E+01
-7.35020370000000E+01 4.56204300000000E+01
-7.34997410000000E+01 4.56228370000000E+01
-7.35015950000000E+01 4.56213380000000E+01
-7.35019070000000E+01 4.56223910000000E+01
-7.35011900000000E+01 4.56236760000000E+01
-7.35002750000000E+01 4.56242100000000E+01
-7.34980550000000E+01 4.56247900000000E+01
-7.35000380000000E+01 4.56245570000000E+01
-7.34989320000000E+01 4.56256030000000E+01
-7.34983600000000E+01 4.56254690000000E+01
-7.34978030000000E+01 4.56258200000000E+01
-7.34971310000000E+01 4.56259350000000E+01
-7.34955220000000E+01 4.56274450000000E+01
-7.34961550000000E+01 4.56270940000000E+01
-7.34969330000000E+01 4.56274070000000E+01
-7.34957050000000E+01 4.56296120000000E+01
-7.34935230000000E+01 4.56306610000000E+01
-7.34931260000000E+01 4.56305080000000E+01
-7.34912340000000E+01 4.56323970000000E+01
-7.34925160000000E+01 4.56314540000000E+01
-7.34929580000000E+01 4.56316570000000E+01
-7.34927750000000E+01 4.56320190000000E+01
-7.34930040000000E+01 4.56323200000000E+01
-7.34927220000000E+01 4.56326680000000E+01
-7.34916000000000E+01 4.56338010000000E+01
-7.34917220000000E+01 4.56348610000000E+01
-7.34909440000000E+01 4.56356700000000E+01
-7.34906230000000E+01 4.56365660000000E+01
-7.34905550000000E+01 4.56367260000000E+01
-7.34893650000000E+01 4.56375200000000E+01
-7.34891660000000E+01 4.56377070000000E+01
-7.34880750000000E+01 4.56389160000000E+01
-7.34880520000000E+01 4.56394620000000E+01
-7.34879760000000E+01 4.56399920000000E+01
-7.34885410000000E+01 4.56420710000000E+01
-7.34883880000000E+01 4.56430850000000E+01

