 0001.00  -73.513   45.607   1170     22863   1.123  4.257
 0003.00  -73.524   45.608   3140     23405    .732  3.503
 0006.00  -73.515   45.593   2010     22346    .886  4.622
 0010.00  -73.533   45.577    640     24197    .834  6.827
 0014.02  -73.548   45.561  -9999     -9999    .827  4.489
 0015.00  -73.535   45.559   1245     20728    .377  2.449
 0019.00  -73.536   45.550    755     19823    .605  4.526
 0022.00  -73.539   45.541    470     18436    .433  3.285
 0027.00  -73.548   45.545    605     15256    .094  1.225
 0031.00  -73.556   45.544   1355     18881    .250  2.391
 0033.00  -73.556   45.537    615     18887    .155  1.767
 0036.00  -73.560   45.531    885     16222    .184  1.829
 0038.00  -73.551   45.529    580     15296    .206  2.072
 0040.00  -73.525   45.511  -9999     -9999   5.397 11.228
 0042.00  -73.553   45.520    530     24603    .106  1.365
 0044.00  -73.560   45.520   1050     19491    .134  1.605
 0049.00  -73.563   45.525    585     19820    .163  1.662
 0053.00  -73.558   45.515    290     18321    .104  1.407
 0056.00  -73.562   45.507    430     25888    .284  2.154
 0059.00  -73.562   45.513    805     25119    .198  3.443
 0063.00  -73.573   45.496    225     17055    .353  2.401
 0065.01  -73.581   45.494   2760     19685    .135  1.477
 0066.02  -73.581   45.489    795     20971    .151  1.692
 0070.00  -73.559   45.496    195     16942    .605  3.297
 0071.00  -73.549   45.489  -9999     -9999    .407  3.070
 0074.00  -73.565   45.477   1360     18174    .404  3.092
 0077.00  -73.568   45.487    885     29395    .467  2.821
 0079.00  -73.582   45.478   1455     16956    .651  3.483
 0084.00  -73.593   45.468    525     24562    .398  2.434
 0086.00  -73.585   45.459   1810     23843    .492  2.844
 0090.00  -73.599   45.448   2070     23942    .429  2.912
 0093.00  -73.605   45.458   1330     20894    .777  4.153
 0095.00  -73.606   45.474   1165     17960    .220  1.988
 0097.02  -73.634   45.459   1555     22109    .403  3.576
 0101.01  -73.649   45.466   1835     22767    .357  2.406
 0102.00  -73.634   45.473   2310     33884    .579  3.298
 0104.00  -73.619   45.473   1575     43698    .383  2.600
 0109.00  -73.621   45.483   1100     24230    .180  2.705
 0111.00  -73.640   45.486   3045     23109    .737  4.317
 0115.02  -73.612   45.493   3125     32080    .413  3.291
 0117.00  -73.632   45.496   1470     16251    .275  2.336
 0121.00  -73.637   45.510    720     37591    .395  3.258
 0126.00  -73.615   45.504   1425     22469    .774  5.433
 0130.00  -73.576   45.508   2000     20512    .152  1.746
 0135.00  -73.576   45.520   1170     25363    .117  1.581
 0137.00  -73.579   45.514    760     18420    .186  1.843
 0140.00  -73.580   45.525   1005     25789    .127  1.538
 0148.00  -73.571   45.533    575     27965    .143  1.555
 0153.00  -73.567   45.539    350     18986    .272  2.735
 0157.00  -73.579   45.533   1355     23619    .162  1.624
 0161.00  -73.587   45.523    780     21507    .139  1.556
 0164.00  -73.593   45.518   1040     26513    .067  1.310
 0166.00  -73.613   45.528    215     16106    .238  2.618
 0169.00  -73.599   45.523   1400     23697    .146  2.337
 0173.00  -73.589   45.531    985     21518    .179  1.920
 0177.00  -73.583   45.537    680     19332    .097  1.557
 0180.00  -73.582   45.546   1640     20778    .264  2.170
 0184.00  -73.577   45.552   1435     23718    .218  1.936
 0188.01  -73.567   45.557    920     21241    .146  1.576
 0190.01  -73.553   45.578   1875     26733    .454  2.888
 0192.00  -73.539   45.599   1215     33358    .779  4.491
 0195.01  -73.569   45.578   1555     28887    .576  3.456
 0195.03  -73.561   45.591   3045     25824    .909  4.516
 0198.00  -73.577   45.569   2055     23086    .671  3.603
 0203.00  -73.594   45.552   1445     23453    .236  2.027
 0205.00  -73.591   45.546   1145     24815    .175  1.702
 0211.00  -73.600   45.538   1175     18040    .179  1.820
 0214.00  -73.609   45.537   1320     18372    .249  2.354
 0222.00  -73.634   45.528   1615     14214    .200  1.805
 0223.01  -73.646   45.531   1440     14349    .147  1.545
 0226.00  -73.637   45.543   1835     24017    .250  2.028
 0228.00  -73.629   45.540    945     19353    .115  1.397
 0231.00  -73.623   45.538    945     21534    .105  1.353
 0235.00  -73.624   45.543   1090     19247    .116  1.476
 0240.00  -73.621   45.551   1145     19300    .295  2.364
 0242.00  -73.608   45.550   2730     18463    .369  2.747
 0251.01  -73.603   45.559   1550     17886    .458  3.530
 0257.00  -73.614   45.571   1725     17969   1.334  4.643
 0259.00  -73.622   45.582   2270     16561    .358  2.889
 0262.00  -73.633   45.566   2005     16266    .739  3.836
 0265.00  -73.645   45.550   2400     22002    .485  3.459
 0267.00  -73.652   45.540   2870     20037   1.126  4.334
 0268.01  -73.673   45.537   2855     23635    .571  3.182
 0271.00  -73.655   45.558   1640     26581    .488  2.818
 0273.00  -73.647   45.569   2010     23054    .575  3.032
 0275.00  -73.652   45.579   1930     26958    .643  3.332
 0277.00  -73.659   45.567   1555     28731    .863  3.708
 0279.00  -73.669   45.554   2090     29214   1.137  4.302
 0283.01  -73.689   45.534   1920     21767    .611  3.067
 0285.00  -73.712   45.532   2455     24428   1.686  5.398
 0288.00  -73.746   45.515    720     33713   2.599  6.849
 0290.01  -73.592   45.624   1015     23749   1.189  4.525
 0290.04  -73.569   45.649   3195     22337   3.152  7.815
 0300.00  -73.562   45.467    810     17493    .507  3.131
 0306.00  -73.565   45.457   1075     21315    .223  1.923
 0308.00  -73.575   45.457   1180     15949    .178  1.725
 0312.00  -73.572   45.449   1455     23650    .293  2.300
 0316.00  -73.589   45.438   1000     31138   2.881 12.416
 0322.02  -73.615   45.421   1960     29036   1.254  4.771
 0324.01  -73.637   45.419   2225     24240   1.057  4.183
 0325.01  -73.634   45.428   2040     22111    .389  3.310
 0325.03  -73.622   45.434   1955     21767    .479  3.027
 0328.00  -73.653   45.433    700     17208    .473  3.241
 0355.00  -73.595   45.490    830    103642    .310  2.335
 0366.00  -73.616   45.517   1660     45029    .333  2.762
 0381.00  -73.661   45.460   1975     22404    .587  5.820
 0383.02  -73.668   45.478   2990     32384   1.488  5.519
 0391.00  -73.675   45.434    705     21912    .707  4.382
 0395.02  -73.690   45.442   2885     24369    .672  3.544
 0397.00  -73.711   45.444   1970     30498   1.184  4.895
 0403.00  -73.654   45.512   2890     50095   1.360  4.930
 0410.01  -73.683   45.524   2265     26858    .845  4.226
 0412.00  -73.679   45.504   2670     26734   1.490  5.882
 0431.00  -73.752   45.443   2740     35046   6.001 12.698
 0450.00  -73.807   45.437   3630     37387  19.886 17.755
 0453.02  -73.814   45.470   1805     28582   6.646 14.448
 0461.00  -73.889   45.421   1450     37859   2.704  7.106
 0462.01  -73.852   45.439   2895     41726   2.372  6.835
 0470.03  -73.890   45.444   1930     42663   2.393  6.978
 0490.00  -73.951   45.407   1295     20382    .997  5.070
 0510.00  -73.758   45.502   1225     27250    .742  6.729
 0512.01  -73.833   45.510   4045     27672   2.819  8.838
 0514.02  -73.866   45.471   3095     28781   1.920  6.208
 0550.01  -73.880   45.503   5620     37686  11.713 14.239
 0580.01  -73.497   45.677   2050     24611   1.732  5.401
 0582.01  -73.499   45.653   3735     28347   1.675  6.334
 0583.00  -73.501   45.643   1585     22761   1.168  6.972
 0590.01  -73.547   45.617   2875     26388   1.456  6.324
 0594.01  -73.573   45.603   1710     20571    .398  2.929
 0602.01  -73.587   45.579   1540     25123    .547  3.193
 0604.01  -73.608   45.594   1725     26519    .905  5.421
 0610.01  -73.611   45.609   1995     18952    .964  5.154
 0610.04  -73.622   45.621   1570     17484    .198  1.782
 0615.00  -73.641   45.590   2245     21441    .561  3.112
 0617.02  -73.634   45.608   1810     22035    .757  3.866
 0628.01  -73.659   45.602   2325     27060   2.000  7.116
 0632.01  -73.719   45.601   2730     28561   1.505  4.890
 0636.00  -73.694   45.581   2815     21218   2.222  6.087
 0637.01  -73.717   45.583   3010     24518   1.572  5.493
 0638.02  -73.695   45.565   1105     25499    .458  3.172
 0640.00  -73.710   45.547   1615     27298    .980  4.305
 0643.00  -73.760   45.565   3065     22500   8.231 11.647
 0646.01  -73.741   45.541   1325     19545    .511  3.111
 0650.01  -73.769   45.539   2530     18627    .755  4.530
 0655.01  -73.875   45.547   1810     22958   2.499  7.163
 0656.02  -73.828   45.561   3475     27425   6.105 12.660
 0659.01  -73.795   45.608   5350     27078   5.123 14.140
 0660.01  -73.748   45.613   1995     33256   2.063  6.470
 0661.02  -73.721   45.654   3855     28075  21.507 21.483
 0675.00  -73.459   45.727   2680     28823   9.010 16.563
 0677.02  -73.446   45.754   3340     24875   2.210  7.090
 0681.00  -73.364   45.828   1730     24575  54.330 38.637
 0684.02  -73.626   45.710   5695     29219  11.669 18.324
 0688.00  -73.820   45.765   5970     23765  94.491 41.510
 0702.01  -73.775   45.660   1215     32445   2.262  7.494
 0704.03  -73.885   45.623   3750     28305  17.065 23.540
 0726.02  -73.892   45.571   4025     25535   2.177  6.960
 0728.00  -73.909   45.545   6175     27275   4.601 10.143
 0731.00  -73.974   45.502   2460     23143  12.390 15.671
 0740.00  -74.186   45.748   3205     23264 191.299 68.695
 0751.01  -73.983   45.381   2715     28766   3.724  8.411
 0756.01  -74.036   45.402   4305     26967   7.117 10.934
 0756.02  -74.206   45.448    335     27600  10.709 14.590
 0775.00  -73.801   45.343   1255     30673  30.820 25.208
 0780.00  -73.989   45.777   1650     25936   1.457  6.129
 0782.00  -74.019   45.770   1505     20303   2.607  8.161
 0786.00  -73.985   45.757   2380     24225   3.349  8.107
 0788.00  -74.007   45.802   2240     22976   2.172  6.703
 0800.00  -73.731   45.379   3705     26316   5.297 13.622
 0806.02  -73.700   45.347   2575     24622   4.844 10.503
 0825.01  -73.417   45.443   3340     29369  12.748 19.707
 0825.04  -73.482   45.470   2980     23568   1.755  5.983
 0826.03  -73.481   45.443   8010     40441   9.069 12.650
 0828.01  -73.521   45.385   4360     30683   6.965 14.671
 0831.01  -73.580   45.384   7835     28027   5.862 11.699
 0850.01  -73.312   45.431   2970     27760   4.209 13.229
 0852.02  -73.255   45.411    395     27743   9.087 18.652
 0853.01  -73.288   45.508   4495     28226  16.351 18.018
 0855.01  -73.379   45.520   3115     31537   7.845 17.109
 0857.01  -73.413   45.495   2900     27594   1.502  7.994
 0860.01  -73.449   45.489   3725     25694   1.682  5.376
 0861.00  -73.484   45.491   3060     24784   1.904  5.937
 0865.00  -73.494   45.508    930     19916    .433  3.860
 0869.00  -73.450   45.512   1845     26820   1.053  4.170
 0871.01  -73.471   45.521   1880     22638    .733  3.436
 0874.00  -73.475   45.532   2195     21516    .850  3.761
 0876.02  -73.443   45.545   6745     29913   7.204 13.498
 0879.01  -73.489   45.528   1555     21829    .621  3.215
 0889.01  -73.449   45.608   1365     25515   1.396  4.607
 0900.00  -73.216   45.555   2430     26420   2.508  8.166
 0901.02  -73.204   45.578   2755     28451   1.705  5.581
 0903.02  -73.352   45.595   7350     29928   8.461 13.844
 0002.00  -73.518   45.607   1255     22232    .386  2.980
 0008.00  -73.515   45.589   1520     27479    .747  4.637
 0011.00  -73.535   45.587   1765     25214   1.235  4.392
 0013.00  -73.544   45.571   2165     23001   1.083  4.212
 0014.01  -73.545   45.558   2440     21971    .905  4.284
 0016.00  -73.526   45.557    970     20397   1.074  4.511
 0021.00  -73.535   45.545    845     19709    .963  4.358
 0024.00  -73.545   45.541    785     20988    .260  2.312
 0032.00  -73.559   45.537    725     16255    .123  1.523
 0039.00  -73.547   45.528    460     17106    .471  3.435
 0043.00  -73.552   45.518    380     16434    .415  3.350
 0047.00  -73.557   45.526    335     19320    .116  1.374
 0050.00  -73.564   45.522    455     16686    .070  1.097
 0052.00  -73.561   45.518    890     18931    .138  1.576
 0057.00  -73.560   45.509    130     13157    .145  1.671
 0061.00  -73.568   45.509    315     25019    .213  1.866
 0064.00  -73.578   45.498    525     12138    .240  2.088
 0065.02  -73.585   45.491   1545     28512    .144  1.533
 0066.01  -73.578   45.492   1455     21963    .195  1.787
 0069.00  -73.565   45.495   1260     40034    .721  4.826
 0075.00  -73.567   45.479    940     20135    .316  2.812
 0080.00  -73.583   45.483    505     25944    .086  1.315
 0082.00  -73.593   45.474    720     15407    .317  2.627
 0087.00  -73.593   45.463   1070     18596    .269  2.220
 0089.00  -73.589   45.451   2220     23465    .478  3.224
 0096.00  -73.612   45.471   1340     23934    .194  1.907
 0098.00  -73.648   45.459   2705     27827   1.017  4.364
 0101.02  -73.645   45.471   1445     17867    .355  2.451
 0103.00  -73.623   45.470   1400     44481    .336  2.366
 0105.00  -73.628   45.476   2080     36710    .295  2.309
 0112.01  -73.644   45.494   1595     17104    .498  2.835
 0113.00  -73.631   45.488   2455     20833    .509  2.856
 0115.01  -73.620   45.488   1140     39150    .211  2.154
 0122.00  -73.633   45.506   2680     15581    .662  3.389
 0127.02  -73.607   45.501  -9999     -9999   1.250  4.853
 0131.00  -73.575   45.509   1810     23018    .102  1.589
 0133.00  -73.572   45.515   1645     22777    .144  1.575
 0138.00  -73.585   45.517   1270     21972    .292  2.190
 0141.00  -73.578   45.524   1060     26104    .115  1.545
 0147.00  -73.574   45.530   1650     26604    .165  1.643
 0149.00  -73.567   45.530   2060     24111    .139  1.542
 0152.00  -73.568   45.537   1010     21477    .135  1.519
 0155.00  -73.574   45.537   1135     22689    .107  1.379
 0158.00  -73.581   45.530   1225     22702    .144  1.546
 0162.00  -73.589   45.524    940     21689    .094  1.383
 0165.00  -73.604   45.522   1285     20003    .164  3.260
 0175.00  -73.585   45.535   1065     23272    .109  1.638
 0181.00  -73.574   45.546   1695     20873    .321  2.470
 0185.00  -73.574   45.557   2440     22127    .390  2.566
 0187.01  -73.559   45.546   1135     25400    .356  3.109
 0193.00  -73.536   45.605   1095     26179    .271  2.702
 0195.02  -73.562   45.584   2645     27248    .604  4.477
 0196.00  -73.568   45.572   2015     25096    .395  2.534
 0199.00  -73.576   45.563   1055     22951    .224  1.900
 0202.00  -73.588   45.555   1850     23157    .612  3.368
 0207.00  -73.599   45.546   1650     22487    .256  2.081
 0210.00  -73.595   45.535   1530     16888    .344  2.446
 0217.00  -73.609   45.533   1160     15914    .157  1.620
 0220.00  -73.624   45.529   1880     11726    .395  2.672
 0223.02  -73.640   45.530   1165     14727    .199  1.804
 0225.00  -73.639   45.537    670     21711    .660  3.261
 0230.00  -73.626   45.539   1045     22400    .113  1.402
 0233.00  -73.619   45.540    970     18173    .110  1.766
 0236.00  -73.627   45.544    810     19735    .110  1.444
 0241.00  -73.617   45.554   1150     15428    .208  2.013
 0243.00  -73.613   45.548   1535     19194    .251  2.125
 0247.00  -73.610   45.542   1300     20625    .196  1.846
 0252.00  -73.595   45.562   2010     17221    .329  2.349
 0258.00  -73.609   45.576   1625     16055    .404  3.202
 0260.00  -73.630   45.578    960     14707    .529  3.113
 0264.01  -73.643   45.558   2720     29989   1.196  4.470
 0268.02  -73.675   45.533   1715     21005    .347  3.418
 0269.00  -73.664   45.543   1650     22432    .782  3.614
 0274.00  -73.643   45.575   1445     21672    .484  2.790
 0276.00  -73.656   45.573   2355     24869   1.512  6.799
 0278.00  -73.665   45.560   2210     27001    .807  3.952
 0281.00  -73.682   45.546   1695     36693   1.355  5.192
 0284.00  -73.704   45.540   1685     28836    .682  3.363
 0286.00  -73.698   45.529   1995     21514    .802  4.742
 0287.02  -73.727   45.526   2180     30878   1.346  6.206
 0290.02  -73.578   45.635   3015     21024   1.710  5.573
 0290.03  -73.603   45.630   1895     25500    .635  3.280
 0301.00  -73.568   45.471   2230     20414    .427  2.670
 0304.00  -73.576   45.461   1090     22384    .297  2.293
 0307.00  -73.570   45.457   1165     18003    .175  1.703
 0315.00  -73.585   45.442      0         0   3.944 12.698
 0322.01  -73.605   45.424   3715     25366   2.772  6.998
 0324.02  -73.632   45.424   1270     24842    .650  3.648
 0326.01  -73.621   45.447   1560     23647   2.517  7.177
 0329.00  -73.661   45.430   1790     24040   1.190  4.862
 0354.00  -73.605   45.484   1875     76397    .823  4.387
 0367.00  -73.621   45.519   2055     37752    .558  3.075
 0382.01  -73.662   45.471   1685     34544    .571  3.067
 0385.00  -73.635   45.481    530     34537    .038  1.777
 0392.00  -73.685   45.434    605     24620   1.601  5.043
 0394.00  -73.661   45.445   1790     20910   1.343  5.493
 0395.03  -73.696   45.443   2345     32602    .593  3.376
 0410.02  -73.675   45.518   1870     31124    .789  4.003
 0413.00  -73.688   45.500   3710     29776   1.636  5.720
 0417.02  -73.694   45.516    880     13722    .377  2.724
 0430.00  -73.731   45.443   2805     28340   4.676  9.772
 0432.00  -73.771   45.444   1650     42908   3.969  9.639
 0452.00  -73.829   45.451   3395     32898   3.139  8.508
 0460.00  -73.857   45.428   3030     43228  13.218 14.884
 0470.02  -73.863   45.457   4465     38938   3.661  9.322
 0480.00  -73.915   45.419   2145     48010   7.524 11.334
 0511.00  -73.784   45.510   2890     26499   3.272 10.135
 0512.02  -73.851   45.505   2260     29632   2.037  7.085
 0520.01  -73.786   45.491   4530     26146   2.538  7.053
 0521.01  -73.836   45.478   2540     27878    .848  4.105
 0523.00  -73.827   45.500   1415     31188    .787  4.447
 0540.00  -73.870   45.480   1720     23015   1.287  5.912
 0580.02  -73.494   45.691    670     26945    .750  4.521
 0581.01  -73.496   45.663   3045     24840   1.984  5.891
 0582.02  -73.500   45.648   3205     23182   1.778  7.228
 0591.02  -73.551   45.604   1880     28789    .680  3.566
 0600.03  -73.582   45.588   2255     19595    .721  4.198
 0601.02  -73.585   45.573   1285     24773    .415  3.359
 0604.03  -73.608   45.586   1680     21961    .491  3.378
 0605.04  -73.605   45.603   2610     20167   1.544  5.589
 0610.03  -73.627   45.621   2355     22915   1.660  6.670
 0610.06  -73.613   45.616   1395     18201    .331  2.545
 0611.01  -73.623   45.598   1260     19562    .736  3.716
 0618.00  -73.640   45.602   1460     22649    .639  3.661
 0625.01  -73.565   45.676   2895     24486   7.033 13.898
 0628.02  -73.671   45.604   2055     26610    .784  6.012
 0632.02  -73.729   45.599   2535     25936   1.870  6.161
 0637.02  -73.707   45.574   1525     25685   1.439  4.873
 0641.02  -73.722   45.554   1170     28765   1.349  4.935
 0646.03  -73.728   45.538   1570     24450    .578  3.113
 0648.00  -73.755   45.535   2400     19032   1.129  4.610
 0652.03  -73.802   45.530   4065     29897   3.746  9.546
 0654.00  -73.875   45.528    420     51057   2.379  6.898
 0656.01  -73.844   45.554   2935     24762   7.040 12.195
 0657.01  -73.790   45.579   1925     25242   1.894  6.333
 0659.02  -73.777   45.612   3165     25575   3.432  8.850
 0660.02  -73.739   45.619   2915     25338   1.408  6.651
 0676.01  -73.471   45.723   1855     30183   1.579  6.565
 0676.04  -73.470   45.743   2100     31415   1.640  5.451
 0677.01  -73.436   45.751   3315     26570   4.709 10.107
 0677.04  -73.429   45.781   6110     31154   6.358 13.137
 0685.01  -73.607   45.750   7465     25891  18.720 31.419
 0687.01  -73.671   45.702   2365     28468   2.932  9.429
 0689.00  -73.756   45.787   6970     22593  38.270 32.826
 0690.00  -73.325   45.908   2175     23641  74.564 48.695
 0693.00  -73.424   45.824   2470     22934   2.197  7.535
 0694.00  -73.437   45.894   2140     24931  33.246 34.206
 0700.01  -73.629   45.698   2310     21198   1.442  5.800
 0701.00  -73.764   45.670   3590     24818   4.582 11.365
 0704.01  -73.825   45.622   2445     22650   1.933  6.376
 0705.00  -73.863   45.649   4690     32016   3.544  9.432
 0708.00  -73.828   45.648   4400     24871   2.754  8.945
 0727.00  -73.903   45.559   3745     23998   3.024 10.393
 0732.00  -74.065   45.513   4425     24605 139.886 58.247
 0735.00  -73.933   45.738   4590     23735  62.225 40.349
 0751.02  -73.979   45.368   2505     28162   6.461 14.552
 0776.00  -73.847   45.298   2575     22935  32.774 28.194
 0789.00  -74.012   45.820   2535     24000  13.185 25.622
 0801.00  -73.742   45.370   3345     26217   2.778  6.981
 0806.01  -73.707   45.361   1585     23206   1.613  5.348
 0807.00  -73.743   45.301   4825     27346  46.551 28.612
 0825.02  -73.451   45.471   2300     24540    .947  4.402
 0825.05  -73.485   45.474   2665     25357   3.473 12.405
 0826.04  -73.434   45.435   4855     32856  16.458 20.161
 0828.02  -73.501   45.366   2585     39740  11.582 18.360
 0850.02  -73.283   45.421   4885     26501  17.601 18.783
 0853.02  -73.266   45.540   2045     27641  20.448 19.619
 0854.01  -73.327   45.529   3290     40408   2.849  7.435
 0856.00  -73.411   45.530   1020     27337  15.907 16.898
 0857.02  -73.424   45.492   2305     21590   1.170  5.459
 0863.01  -73.502   45.491   1905     42935   1.911  6.719
 0864.00  -73.513   45.509   3120     42150   2.119  6.142
 0868.01  -73.459   45.496   3065     24937   1.560  6.035
 0870.02  -73.459   45.517   1200     23616    .599  3.350
 0871.02  -73.474   45.515   1200     24948    .473  2.995
 0873.02  -73.480   45.524   2085     19550    .657  3.360
 0877.00  -73.472   45.547   5545     31967   6.681 10.704
 0884.01  -73.522   45.527   1620     27146    .871  4.082
 0889.02  -73.437   45.631   1750     29726   4.017  9.942
 0901.01  -73.211   45.569   2425     25108   2.497  6.865
 0929.00  -73.209   45.538   3990     28999   5.654 10.356
 0004.00  -73.525   45.602   1475     22295    .445  2.949
 0009.00  -73.522   45.574   1765     23638   6.628 10.460
 0017.00  -73.533   45.554    835     19415    .345  4.387
 0023.00  -73.542   45.537    430     18570    .938  3.952
 0025.00  -73.542   45.547    880     18304    .218  1.992
 0028.00  -73.550   45.541    940     18530    .156  1.671
 0030.00  -73.552   45.551   1575     19817    .295  2.295
 0035.00  -73.558   45.533   1050     20179    .177  1.908
 0041.00  -73.550   45.523    880     19893    .259  2.432
 0046.00  -73.559   45.523    885     16700    .156  1.595
 0054.00  -73.555   45.514    570     27024    .149  1.607
 0060.00  -73.565   45.513    165     11771    .093  1.261
 0062.00  -73.569   45.503    225     38736    .817  3.638
 0067.00  -73.578   45.487    805     21940    .177  1.738
 0072.00  -73.551   45.479   1140     19766   4.366 10.451
 0081.00  -73.588   45.480   1095     21615    .259  2.077
 0083.00  -73.588   45.472   1295     18946    .467  2.798
 0088.00  -73.593   45.458   1465     22868    .336  2.381
 0091.00  -73.602   45.442  -9999     -9999    .990  4.039
 0097.01  -73.622   45.466   2760     21530    .361  2.975
 0100.00  -73.640   45.467   3170     24264    .817  3.975
 0106.00  -73.619   45.477   1060     31035    .225  3.035
 0112.02  -73.638   45.491   1435     15735    .279  2.171
 0114.00  -73.622   45.486   1070     37513    .274  2.732
 0116.00  -73.626   45.494   2965     22237    .643  3.228
 0119.00  -73.641   45.500   2365     13430    .418  2.682
 0123.00  -73.627   45.503   2995     18703    .409  2.714
 0125.00  -73.625   45.512   2800     31875    .458  3.372
 0128.00  -73.593   45.504   2130     52098   3.010  9.850
 0132.00  -73.574   45.512   2675     22743    .266  2.100
 0134.00  -73.571   45.517    595     30438    .083  1.245
 0139.00  -73.583   45.521   1550     17443    .227  1.904
 0142.00  -73.576   45.523    960     25646    .106  1.431
 0146.00  -73.576   45.528   1375     23475    .145  1.572
 0151.00  -73.569   45.535   1230     19581    .117  1.449
 0156.00  -73.576   45.535   1065     21433    .138  1.522
 0159.00  -73.583   45.528   1195     25633    .125  1.466
 0163.00  -73.591   45.520   2045     22455    .204  1.808
 0167.00  -73.607   45.526   1415     16571    .201  1.810
 0172.00  -73.592   45.529   1005     17235    .195  2.037
 0176.00  -73.584   45.536   1085     25188    .122  1.668
 0179.00  -73.583   45.542   1805     16984    .504  3.482
 0183.00  -73.579   45.550   1100     20481    .132  1.712
 0186.00  -73.570   45.552   2005     21387    .380  2.808
 0190.02  -73.558   45.572   1350     41757   1.037  4.273
 0194.00  -73.537   45.611   2640     26277   1.163  4.743
 0197.00  -73.575   45.575   2030     23611    .624  3.233
 0200.00  -73.582   45.566   1710     21821    .319  2.388
 0204.00  -73.588   45.549   1400     23331    .235  1.943
 0206.00  -73.597   45.549   1385     28413    .230  2.047
 0212.00  -73.603   45.539   1235     20799    .194  1.858
 0218.00  -73.614   45.535   1375     16654    .276  2.135
 0221.00  -73.626   45.526   2525     13971    .320  2.530
 0224.00  -73.638   45.532   2245     14347    .369  3.361
 0227.00  -73.632   45.541    895     21662    .118  1.420
 0234.00  -73.618   45.542    920     17321    .147  1.846
 0238.00  -73.632   45.547   1100     22119    .165  1.963
 0250.00  -73.606   45.557   1845     18739    .447  3.458
 0261.00  -73.624   45.575   1105     17322    .620  3.257
 0263.00  -73.638   45.569   1800     18613    .751  3.905
 0264.02  -73.631   45.554   2725     35103    .881  3.858
 0270.00  -73.659   45.551   1950     26704    .687  3.350
 0272.00  -73.652   45.564   1730     26641    .486  2.783
 0280.00  -73.672   45.545   2015     27442    .606  3.398
 0282.00  -73.691   45.541   2785     26729   1.607  6.898
 0290.05  -73.608   45.625   2000     27870   3.025  8.780
 0290.07  -73.580   45.644   1360     21899    .567  3.057
 0291.00  -73.541   45.671   4255     25290  13.361 17.677
 0302.00  -73.570   45.465   1145     16802    .201  1.802
 0309.00  -73.579   45.457    485     23722    .212  1.921
 0313.00  -73.580   45.446   1630     23834   1.047  9.531
 0320.00  -73.594   45.434   2350     25050   3.533 12.637
 0323.00  -73.624   45.419   1540     24287   1.434  5.035
 0325.02  -73.623   45.428   2825     22745    .991  4.658
 0326.02  -73.643   45.434   1780     22781   1.081  4.305
 0340.00  -73.651   45.453   2865     46722   1.489  7.421
 0353.00  -73.603   45.482   1710     52259    .417  3.450
 0393.00  -73.679   45.442   2370     22675   1.049  4.946
 0410.03  -73.662   45.519    710     19889   2.153  6.377
 0415.01  -73.724   45.492    715     37703  28.678 32.353
 0440.00  -73.742   45.432  -9999     -9999    .209  1.916
 0451.00  -73.800   45.454   3450     31278   3.336  8.646
 0462.02  -73.882   45.434   3185     50274   3.158  9.287
 0491.00  -73.930   45.426   1060     36006  10.244 17.198
 0513.00  -73.842   45.499   4150     26675   2.340  9.275
 0520.02  -73.796   45.497   3760     24033   1.747  6.536
 0522.01  -73.843   45.470   2320     30746   1.303  4.941
 0550.02  -73.911   45.490   1585     34777  21.229 19.551
 0580.03  -73.485   45.693   2260     29997   1.788  6.507
 0592.00  -73.559   45.607   3560     24838    .945  3.981
 0600.01  -73.572   45.591   2005     22728    .775  4.723
 0603.01  -73.598   45.583   1700     20745    .536  3.380
 0604.04  -73.621   45.587   2045     21761    .718  4.361
 0605.02  -73.600   45.593   1010     28390    .627  3.294
 0611.02  -73.626   45.602   2340     19974    .568  3.369
 0614.00  -73.646   45.586   1565     20528    .456  2.870
 0625.02  -73.588   45.669   2830     24262   1.920  5.702
 0627.00  -73.653   45.620   2650     23798   5.684 10.605
 0629.00  -73.667   45.586   1760     25714   1.597  5.125
 0632.03  -73.706   45.599   2960     31418   4.112  9.802
 0635.00  -73.682   45.566   2205     25306   1.150  5.831
 0638.01  -73.703   45.567   3190     23881    .890  4.474
 0644.00  -73.728   45.548    620     26107   1.523  6.539
 0649.02  -73.772   45.530   3020     19894   1.309  5.039
 0650.02  -73.756   45.543   1815     18061    .715  3.562
 0653.00  -73.855   45.519    605     37470   1.065  4.297
 0655.02  -73.865   45.545   2860     23935   2.457  6.759
 0657.02  -73.801   45.571   3330     25356   1.522  6.512
 0659.03  -73.765   45.601   4570     35034   8.608 12.668
 0661.01  -73.768   45.641   3680     25986   6.382 12.551
 0676.02  -73.475   45.727   1920     29261   1.338  5.856
 0677.03  -73.415   45.776   3695     31340   5.350  9.910
 0677.05  -73.454   45.758   2880     38982   2.090  6.960
 0685.02  -73.592   45.770   1890     23998  56.299 55.365
 0687.02  -73.729   45.719   3090     24574  43.235 38.900
 0691.00  -73.284   45.886   2590     24772   4.071 10.704
 0700.02  -73.644   45.701   4175     23707   3.545  8.714
 0706.00  -73.836   45.633   1555     20421   1.381  5.537
 0709.00  -73.866   45.663   4820     24514   6.008 14.678
 0725.01  -73.861   45.582   4115     26188   4.986  9.088
 0729.00  -73.890   45.539   1755     27023   2.505  7.470
 0755.00  -74.027   45.380   3050     25039   6.442 19.167
 0757.00  -74.147   45.457   2510     37918  35.817 33.050
 0777.00  -73.863   45.276   2765     24919  62.752 39.511
 0781.00  -74.004   45.769   1790     18359   2.494  8.389
 0791.00  -74.053   45.820   2865     28547   4.251 17.714
 0802.00  -73.764   45.373   1800     25154  18.029 18.349
 0825.03  -73.460   45.475   2760     22586   1.327  6.778
 0827.01  -73.447   45.393   5790     30895  39.945 32.600
 0829.00  -73.545   45.378   3555     26204   7.239 17.731
 0834.00  -73.679   45.290   1205     22134  52.223 37.478
 0851.00  -73.283   45.452   2230     26455   5.666 11.445
 0854.02  -73.332   45.548   3485     34830  20.861 24.689
 0857.03  -73.385   45.488   6455     29128  11.521 20.536
 0866.00  -73.494   45.497   1510     19987    .464  3.024
 0870.01  -73.469   45.510   1980     23766   1.038  5.061
 0875.00  -73.468   45.529   2475     20214    .724  3.928
 0878.00  -73.488   45.535   2515     19867   1.067  4.262
 0881.01  -73.500   45.523   1700     20657    .549  4.458
 0889.03  -73.447   45.632   2650     32693   4.471 12.410
 0901.03  -73.225   45.590   2665     30825  18.430 27.576
 0005.00  -73.515   45.599   1525     23644    .924  4.319
 0012.01  -73.540   45.581   1135     19906    .236  2.067
 0018.00  -73.534   45.552    875     18776    .543  4.508
 0029.00  -73.551   45.546   1425     17136    .391  3.576
 0034.00  -73.553   45.536    850     17029    .213  2.060
 0045.00  -73.556   45.522    740     18722    .115  1.405
 0048.00  -73.561   45.528   1225     19004    .140  1.570
 0051.00  -73.566   45.518    795     22516    .210  2.394
 0055.02  -73.544   45.502    320     74788   3.720  8.584
 0068.00  -73.574   45.490    445     14378    .184  1.758
 0073.00  -73.562   45.486    460     22251    .311  2.627
 0078.00  -73.575   45.483   1595     37518    .424  2.599
 0085.00  -73.575   45.471    295     26712   1.198  6.529
 0092.00  -73.600   45.453   2705     24361    .570  3.021
 0099.00  -73.632   45.465   2070     31325    .670  3.721
 0107.00  -73.616   45.477    705     20446    .162  2.769
 0110.00  -73.628   45.481   1810     22693    .233  2.013
 0118.00  -73.636   45.498   1865     18316    .301  2.400
 0124.00  -73.627   45.510   2470     16250    .377  3.064
 0127.01  -73.622   45.500   3010     22107    .488  3.294
 0129.01  -73.584   45.500   2400     44493    .278  2.753
 0136.00  -73.578   45.518   1565     16957    .179  1.800
 0145.00  -73.570   45.526  -9999     -9999    .442  2.762
 0150.00  -73.565   45.534   1180     21007    .165  1.736
 0154.00  -73.573   45.539    315     23658    .131  1.490
 0160.00  -73.585   45.526    995     22657    .120  1.448
 0168.00  -73.600   45.522   1280     18517    .171  2.424
 0174.00  -73.587   45.533   1000     20812    .233  2.063
 0182.00  -73.580   45.548   1010     19857    .138  1.778
 0189.00  -73.564   45.562  -9999     -9999   1.539  5.039
 0201.00  -73.584   45.560   2355     21642    .920  3.912
 0208.00  -73.593   45.544   1215     20862    .203  1.815
 0213.00  -73.607   45.541   1320     21720    .195  1.869
 0215.00  -73.600   45.533    955     20596    .232  2.238
 0229.00  -73.629   45.535  -9999     -9999    .478  2.809
 0237.00  -73.634   45.545   1785     23453    .226  2.170
 0245.00  -73.617   45.544   1335     20818    .215  2.049
 0249.00  -73.609   45.554   1975     21771    .527  3.937
 0253.00  -73.603   45.565   1290     16455    .458  2.808
 0268.03  -73.657   45.532  -9999     -9999   1.309  4.770
 0283.02  -73.696   45.536   1370     20744    .461  2.765
 0287.01  -73.717   45.529   2260     21565    .577  4.436
 0290.06  -73.589   45.638   3070     21255    .963  3.968
 0305.00  -73.566   45.461   1560     19198    .350  2.549
 0310.00  -73.583   45.452   1635     24485    .483  2.952
 0317.02  -73.541   45.463   3640     50052   6.957 11.372
 0321.00  -73.579   45.423   1410     23180   5.263 12.250
 0326.03  -73.636   45.438   2450     20952   1.303  5.274
 0327.00  -73.649   45.423   2410     23990   1.741  5.276
 0351.00  -73.592   45.486   2630     63289    .465  3.084
 0364.00  -73.613   45.524   1355     25885    .223  2.454
 0380.00  -73.650   45.471   1895     32549    .791  4.499
 0382.02  -73.669   45.461   2270     29459   1.573  6.566
 0396.00  -73.704   45.438   2840     29042   4.329  9.029
 0400.00  -73.632   45.520   2330     46431   1.374  5.125
 0402.00  -73.665   45.496    530     33797   2.535 11.267
 0415.02  -73.698   45.506   4300     23503    .745  4.246
 0419.00  -73.691   45.518   1590     18611    .375  2.675
 0433.00  -73.724   45.472   1935     27486  15.533 24.584
 0453.01  -73.810   45.459   2870     29332   1.991  6.293
 0470.01  -73.864   45.446   3780     37761   3.479 13.200
 0500.00  -73.965   45.430    545     52366  17.198 20.322
 0514.01  -73.856   45.483   2990     27407   2.287  7.787
 0521.03  -73.815   45.483   4410     34676   4.187  9.709
 0530.00  -73.806   45.506   2910     26016   2.344  9.907
 0570.00  -73.530   45.630   1510     24477  13.735 16.502
 0581.02  -73.504   45.665   1995     26733    .679  3.994
 0585.01  -73.502   45.686    930     31522   4.253 11.022
 0591.01  -73.544   45.602   1460     31051    .509  4.842
 0600.02  -73.572   45.585   1525     23096    .415  3.036
 0603.02  -73.602   45.577   1805     19923    .625  4.336
 0604.05  -73.615   45.592   1955     21086    .581  3.630
 0605.03  -73.594   45.600   2680     20885    .981  4.642
 0605.05  -73.591   45.587   1085     23385    .561  3.100
 0610.02  -73.620   45.611   2275     20828    .485  2.805
 0610.05  -73.616   45.619   1465     15423    .352  2.589
 0612.00  -73.631   45.590   1700     19787    .775  3.598
 0619.00  -73.649   45.590   1905     19959    .926  4.547
 0630.01  -73.674   45.592   1865     30797   1.189  5.155
 0631.00  -73.686   45.634    875     29261  24.324 20.780
 0634.00  -73.680   45.571   1465     27005    .981  4.651
 0638.04  -73.704   45.560   3165     19130    .823  4.011
 0645.00  -73.744   45.548   1880     20955   1.541  5.283
 0647.01  -73.750   45.523   1510     39215    .688  4.883
 0650.03  -73.775   45.541   2530     24522   2.686  7.536
 0657.03  -73.813   45.565   2035     27455   1.788  5.952
 0658.01  -73.798   45.587   2795     24604   1.247  5.065
 0676.03  -73.460   45.739   1530     29845   1.188  4.622
 0682.01  -73.489   45.785   7720     27683  25.263 21.697
 0683.00  -73.493   45.726   2915     24973   2.116  6.855
 0686.00  -73.659   45.759   5235     24709  32.106 25.589
 0687.03  -73.719   45.692   1640     25819  16.351 18.702
 0687.04  -73.663   45.706   3015     28869   1.895  5.540
 0702.02  -73.789   45.672   3770     42674   3.903  8.234
 0703.02  -73.809   45.628   2090     37685   5.281  9.482
 0725.02  -73.945   45.577   5605     26817  58.817 44.174
 0758.00  -74.158   45.411   6100     35960  67.280 38.845
 0783.00  -74.022   45.794   1845     20319   5.211 12.894
 0785.00  -73.982   45.795   1785     20093   3.628 11.607
 0792.00  -74.094   45.810   1930     23115  31.604 31.010
 0804.00  -73.777   45.334   3760     27830  13.108 21.150
 0826.02  -73.457   45.457   2855     33355   1.695  5.497
 0827.02  -73.498   45.416   3600     25375  10.650 13.797
 0831.02  -73.590   45.341   3925     26863  51.412 41.722
 0852.01  -73.328   45.448   2635     28913  55.738 46.320
 0857.05  -73.443   45.499   4275     26057   3.221  8.071
 0858.02  -73.442   45.480   2110     22685   1.165  4.618
 0860.02  -73.471   45.482   1985     25038   1.196  4.912
 0863.02  -73.498   45.503   2275     32966   2.101  8.275
 0873.01  -73.484   45.519   1890     19053    .421  2.766
 0876.01  -73.461   45.526   1495     20940    .742  3.647
 0879.02  -73.500   45.533   2225     26127    .770  3.549
 0883.00  -73.515   45.517   1355     25134   1.002  4.905
 0886.00  -73.477   45.565   6080     34001  12.678 14.916
 0887.02  -73.411   45.562   4645     36899  13.711 20.282
 0902.00  -73.232   45.546   2015     25795   3.355  7.490
 0904.01  -73.381   45.677   8630     31609  75.318 41.300
 0930.01  -73.171   45.548   4320     36157  29.144 28.883
 0007.00  -73.529   45.596   2695     25583   1.079  4.275
 0012.02  -73.540   45.577   1950     20313    .396  3.228
 0026.00  -73.545   45.549    750     17910    .172  1.752
 0037.00  -73.551   45.533    960     22352    .515  4.013
 0055.01  -73.555   45.508   1675     47876    .697  4.858
 0076.00  -73.569   45.481    765     19793    .352  2.907
 0094.01  -73.620   45.463   2420     18351   1.748  9.177
 0120.00  -73.654   45.492   1735     23422   3.072 12.479
 0129.02  -73.579   45.504   2390     38028    .356  2.875
 0143.00  -73.572   45.520   1335     25418    .171  1.953
 0170.00  -73.598   45.524   1250     19547    .154  2.336
 0178.00  -73.580   45.539   1465     21052    .279  2.237
 0187.02  -73.565   45.547   3485     27102   1.133  4.695
 0209.00  -73.598   45.542   2575     21381    .667  4.724
 0216.00  -73.603   45.531   1025     14477    .320  2.369
 0232.00  -73.620   45.535   1340     20577    .372  2.787
 0239.00  -73.627   45.548   2135     19873    .550  3.397
 0251.02  -73.600   45.561   1090     16993    .250  3.290
 0256.00  -73.622   45.562   1585     17387   1.855  5.465
 0266.00  -73.648   45.546   1370     23051    .769  3.761
 0290.08  -73.590   45.646   2235     23381   1.793  5.993
 0303.00  -73.577   45.465    785     21452    .267  2.342
 0311.00  -73.571   45.453   1555     19939    .348  2.638
 0314.00  -73.583   45.445   1210     25084    .269  3.332
 0350.00  -73.589   45.483   1205     40106    .546  4.147
 0360.00  -73.603   45.510   1170     72929   1.450  6.538
 0365.00  -73.614   45.523   1505     33884    .243  2.450
 0383.01  -73.674   45.467   1480     29859   1.606  5.668
 0390.00  -73.662   45.435    595     23908   1.632  7.294
 0404.00  -73.645   45.523   2480     54335   1.512  5.209
 0416.00  -73.722   45.519   4080     24160   1.897  6.872
 0420.00  -73.689   45.522   2115     26185    .800  4.514
 0515.00  -73.907   45.458   7025     32237  17.726 21.248
 0521.02  -73.829   45.491   4460     34119   2.754  8.507
 0584.00  -73.503   45.638   3450     24664   2.102  6.968
 0590.02  -73.551   45.611   1435     22338    .308  3.574
 0593.00  -73.560   45.598   3200     26359   1.519  5.792
 0601.01  -73.579   45.580   1380     23921    .295  2.946
 0602.02  -73.592   45.573   1180     23978    .598  3.135
 0603.03  -73.604   45.581   1395     18378    .356  2.439
 0604.02  -73.617   45.581   1960     20099    .291  3.155
 0605.01  -73.583   45.596   1600     21571   1.329  5.298
 0610.07  -73.621   45.625   1105     20866    .507  3.508
 0613.00  -73.639   45.582   2770     19320   1.004  4.130
 0616.00  -73.636   45.596   2630     18632    .762  3.397
 0630.02  -73.682   45.598   3060     34440   2.191  6.099
 0632.04  -73.723   45.613   4125     29873   1.842  6.037
 0638.03  -73.691   45.562   2025     21886    .672  3.549
 0641.01  -73.716   45.559   4125     23970   1.307  5.596
 0646.02  -73.733   45.544   1665     21627    .605  3.173
 0649.01  -73.767   45.521   1555     22275   1.586  5.946
 0651.00  -73.785   45.556   5115     29574   7.341 11.596
 0658.02  -73.810   45.583   2090     27620    .893  3.781
 0682.02  -73.499   45.754   1470     23879  12.293 16.207
 0687.05  -73.681   45.717   5515     28311   4.688 12.218
 0703.01  -73.794   45.648   4390     33491   6.615 13.543
 0707.00  -73.838   45.643   1710     21217   1.854  5.793
 0726.01  -73.886   45.567   3645     23147   2.505  7.537
 0730.00  -73.942   45.531   4060     23912  13.871 16.131
 0734.00  -74.007   45.682   4790     24518 192.563 76.069
 0750.00  -73.926   45.373  10300     28355  77.166 42.656
 0784.00  -74.005   45.788   1430     17040   1.213  4.980
 0787.00  -73.971   45.783   3205     24323   6.535 15.385
 0805.00  -73.733   45.353   3390     25580   3.307  8.882
 0826.01  -73.481   45.461   4565     27800   5.440 11.761
 0830.00  -73.573   45.398   7595     26308  14.667 18.669
 0855.02  -73.342   45.504   3765     30874  12.108 17.610
 0858.01  -73.431   45.484   2750     24156   1.493  5.398
 0862.00  -73.493   45.481   3945     41621   3.372  9.362
 0867.00  -73.476   45.500   3280     22447   1.499  5.980
 0876.03  -73.446   45.521   3720     26713   1.933  5.810
 0880.00  -73.498   45.526   2240     24321    .903  4.940
 0885.00  -73.502   45.543   1925     27722   2.528  6.445
 0888.00  -73.405   45.590   4145     39600  34.642 27.110
 0926.00  -73.225   45.448   4530     24585  82.617 51.544
 0930.02  -73.166   45.596   2940     28653  16.691 20.700
 0058.00  -73.559   45.511    405     23201    .150  1.672
 0094.02  -73.616   45.461  -9999     -9999   1.972  8.802
 0108.00  -73.615   45.479   2105     40702    .550  3.633
 0144.00  -73.570   45.522   2220     28341    .180  1.881
 0171.00  -73.597   45.526   2080     21183    .479  3.202
 0188.02  -73.560   45.554   1085     22066    .223  2.112
 0191.00  -73.548   45.587   3060     28471   1.668  5.882
 0219.00  -73.614   45.532    795     15905    .301  3.095
 0244.00  -73.615   45.546   1090     18952    .177  1.957
 0254.00  -73.596   45.568   1645     22331    .681  3.778
 0290.09  -73.598   45.635   2385     24913   1.745  6.407
 0317.01  -73.553   45.460   4305     48200   5.286 14.230
 0352.00  -73.600   45.479   1490     40099    .474  3.132
 0356.00  -73.608   45.490   1315     95343    .977  5.014
 0361.00  -73.616   45.508    755     42152    .126  2.042
 0370.00  -73.643   45.481   3995     48420   1.797  5.977
 0395.01  -73.698   45.457    825     16320   7.572 14.762
 0401.00  -73.645   45.509   1545     61186    .961  4.321
 0417.01  -73.701   45.522   1905     19312    .638  3.373
 0418.00  -73.677   45.510   2710     25072   1.280  6.064
 0421.00  -73.677   45.528   4340     20714    .837  3.988
 0522.02  -73.844   45.478   2130     31509   1.004  5.723
 0585.02  -73.524   45.656   1745     26675   5.540 11.893
 0617.01  -73.629   45.612   2500     23650   1.145  5.595
 0633.00  -73.683   45.583   2690     30168   1.728  7.164
 0639.00  -73.692   45.555   1685     24340   1.755  5.622
 0642.00  -73.744   45.580   3615     26666   9.491 14.556
 0647.02  -73.746   45.531   2935     25537   2.153  6.869
 0652.01  -73.794   45.519   2755     29525   3.848 10.447
 0658.03  -73.819   45.588   3585     26646   6.916 12.066
 0660.03  -73.729   45.625   2750     29158   2.616  7.226
 0684.01  -73.548   45.723   4550     29695  32.826 30.591
 0692.00  -73.422   45.840   3125     26135  64.985 63.311
 0710.00  -73.858   45.684  11350     31074  49.207 35.964
 0733.00  -74.115   45.602   2940     22685 306.175107.291
 0756.03  -74.055   45.386   3605     32933  87.054 83.241
 0790.00  -74.039   45.770   2185     23338  15.051 24.600
 0832.00  -73.676   45.382  -9999     -9999  63.394 33.850
 0833.00  -73.483   45.336   2780     24183  93.048 57.593
 0857.04  -73.384   45.473   6080     28672  12.751 16.118
 0859.00  -73.457   45.474   1450     23826    .740  4.055
 0868.02  -73.473   45.495   2700     19640   1.196  6.521
 0881.02  -73.500   45.520   1765     21243    .623  4.280
 0903.01  -73.296   45.574   4660     33247  21.439 30.042
 0325.04  -73.613   45.441   4280     25275   1.772  8.012
 0330.00  -73.651   45.447   2215     20579   1.972  8.940
 0362.00  -73.609   45.515   1430     50340    .553  4.296
 0594.02  -73.577   45.617   3705     28201   7.818 12.122
 0652.02  -73.835   45.534   3735     30818  12.228 18.524
 0662.00  -73.611   45.676   2425     26664  31.423 35.327
 0704.02  -73.842   45.605   7155     31985  10.498 15.663
 0760.00  -74.089   45.343   2575     25058  88.648 43.454
 0858.03  -73.401   45.457   4440     27418  12.753 18.021
 0872.00  -73.482   45.511   3080     22084   1.740  5.335
 0884.02  -73.514   45.531   3330     29320   2.770  7.680
 0887.01  -73.454   45.588   5785     32277  24.343 27.184
 0903.03  -73.294   45.638   6855     25987  96.657 55.666
 0363.00  -73.600   45.519   2325     32927    .364  3.184
 0626.00  -73.619   45.648   1895     25533  12.288 16.275
 0882.00  -73.500   45.515   1350     20276    .732  3.889
 0904.02  -73.426   45.710   1895     27848  36.261 33.196
