    0 129.2508 2.6
    1 129.2537 1.8
    2 129.2675 0.4
    3 129.2817 1.2
    4 129.2924 2.2
    5 129.2974 4.4
    6 129.2999 2.8
    7 129.3019 0.2
    8 129.3027 0.0
    9 129.3047 0.0
   10 129.3056 0.0
   11 129.3063 0.0
   12 129.3058 0.0
   13 129.3065 0.0
   14 129.3086 0.4
   15 129.3091 0.2
   16 129.3084 0.0
   17 129.3076 0.0
   18 129.3073 0.0
   19 129.3069 0.0
   20 129.3050 0.0
   21 129.3034 0.0
   22 129.3029 0.0
   23 129.3038 0.0
   24 129.3020 0.0
   25 129.3008 0.0
   26 129.2971 0.0
   27 129.2954 0.0
   28 129.2914 0.0
   29 129.2867 0.0
   30 129.2844 0.0
   31 129.2787 0.0
   32 129.2730 0.0
   33 129.2748 0.0
   34 129.2697 0.0
   35 129.2710 0.0
   36 129.2744 0.2
   37 129.2758 0.4
   38 129.2779 0.4
   39 129.2822 1.4
   40 129.2845 0.4
   41 129.2851 0.2
   42 129.2893 0.0
   43 129.2889 0.2
   44 129.2888 0.0
   45 129.2875 0.0
   46 129.2815 0.0
   47 129.2801 0.0
   48 129.2796 0.0
   49 129.2811 0.0
   50 129.2844 0.0
   51 129.2845 0.0
   52 129.2928 1.6
   53 129.3050 2.6
   54 129.3314 3.0
   55 129.3679 1.2
   56 129.4058 1.4
   57 129.4230 4.4
   58 129.4362 4.4
   59 129.4242 4.0
   60 129.4177 5.4
   61 129.4062 1.4
   62 129.3963 0.8
   63 129.3871 1.0
   64 129.3749 0.6
   65 129.3695 0.0
   66 129.3641 0.0
   67 129.3602 0.0
   68 129.3565 0.0
   69 129.3541 0.0
   70 129.3516 0.0
   71 129.3500 0.0
   72 129.3482 0.2
   73 129.3451 0.0
   74 129.3439 0.0
   75 129.3417 0.0
   76 129.3379 0.0
   77 129.3382 0.0
   78 129.3356 0.0
   79 129.3346 0.4
   80 129.3332 0.0
   81 129.3320 0.0
   82 129.3310 0.0
   83 129.3297 0.0
   84 129.3284 0.0
   85 129.3269 0.0
   86 129.3289 0.0
   87 129.3277 0.2
   88 129.3308 0.6
   89 129.3388 1.2
   90 129.3493 1.8
   91 129.3644 3.0
   92 129.3809 3.2
   93 129.4073 2.0
   94 129.4235 2.0
   95 129.4369 2.0
   96 129.4454 2.4
   97 129.4477 2.4
   98 129.4455 1.8
   99 129.4465 1.8
  100 129.4413 1.0
  101 129.4311 0.4
  102 129.4232 1.0
  103 129.4167 0.0
  104 129.4182 0.0
  105 129.4394 0.0
  106 129.4796 0.0
  107 129.4952 1.4
  108 129.4820 2.8
  109 129.4638 1.8
  110 129.4496 5.0
  111 129.4377 0.6
  112 129.4300 0.6
  113 129.4246 0.6
  114 129.4181 0.4
  115 129.4154 0.8
  116 129.4118 0.6
  117 129.4096 0.6
  118 129.4073 0.6
  119 129.4011 1.0
  120 129.3988 0.8
  121 129.3949 0.0
  122 129.3912 0.0
  123 129.3886 0.0
  124 129.3847 0.0
  125 129.3835 0.0
  126 129.3781 0.2
  127 129.3751 0.0
  128 129.3710 0.0
  129 129.3664 0.0
  130 129.3630 0.0
  131 129.3581 0.0
  132 129.3532 0.0
  133 129.3513 0.0
  134 129.3468 0.0
  135 129.3417 0.0
  136 129.3370 0.0
  137 129.3352 0.0
  138 129.3302 0.0
  139 129.3278 0.0
  140 129.3252 0.0
  141 129.3217 0.0
  142 129.3200 0.0
  143 129.3178 0.0
  144 129.3153 0.0
  145 129.3133 0.0
  146 129.3121 0.0
  147 129.3073 0.0
  148 129.3048 0.0
  149 129.3039 0.0
  150 129.3015 0.0
  151 129.3002 0.0
  152 129.2986 0.0
  153 129.2976 0.0
  154 129.2951 0.0
  155 129.2952 0.2
  156 129.2942 0.6
  157 129.2954 1.4
  158 129.3017 0.2
  159 129.3085 0.2
  160 129.3188 1.4
  161 129.3337 2.6
  162 129.3540 2.0
  163 129.3796 0.8
  164 129.4080 1.6
  165 129.4225 2.6
  166 129.4326 1.6
  167 129.4458 1.2
  168 129.4488 1.0
  169 129.4451 0.0
  170 129.4390 1.4
  171 129.4316 0.2
  172 129.4255 0.0
  173 129.4190 0.0
  174 129.4137 0.0
  175 129.4100 0.0
  176 129.4033 0.0
  177 129.3991 0.0
  178 129.3943 0.0
  179 129.3903 0.0
  180 129.3876 0.0
  181 129.3827 0.0
  182 129.3772 0.0
  183 129.3745 0.0
  184 129.3708 0.0
  185 129.3681 0.0
  186 129.3659 0.0
  187 129.3622 0.0
  188 129.3592 0.0
  189 129.3554 0.0
  190 129.3532 0.0
  191 129.3512 0.0
  192 129.3486 0.0
  193 129.3449 0.0
  194 129.3423 0.0
  195 129.3393 0.0
  196 129.3389 0.0
  197 129.3358 0.0
  198 129.3325 0.0
  199 129.3319 0.0
  200 129.3275 0.0
  201 129.3270 0.0
  202 129.3240 0.0
  203 129.3225 0.0
  204 129.3207 0.0
  205 129.3177 0.0
  206 129.3159 0.0
  207 129.3132 0.0
  208 129.3115 0.0
  209 129.3072 0.0
  210 129.3046 0.0
  211 129.3008 0.0
  212 129.3002 0.0
  213 129.2955 0.0
  214 129.2943 0.0
  215 129.2926 0.0
  216 129.2914 0.0
  217 129.2889 0.0
  218 129.2875 0.0
  219 129.2863 0.0
  220 129.2845 0.0
  221 129.2831 0.0
  222 129.2789 0.0
  223 129.2785 0.0
  224 129.2755 0.0
  225 129.2727 0.0
  226 129.2709 0.0
  227 129.2699 0.0
  228 129.2699 0.0
  229 129.2683 0.0
  230 129.2674 0.0
  231 129.2657 0.0
  232 129.2621 0.0
  233 129.2582 0.0
  234 129.2576 0.0
  235 129.2554 0.0
  236 129.2549 0.0
  237 129.2545 0.0
  238 129.2538 0.0
  239 129.2534 0.0
  240 129.2525 0.0
  241 129.2530 0.0
  242 129.2550 0.0
  243 129.2541 0.0
  244 129.2544 0.0
  245 129.2532 0.0
  246 129.2531 0.0
  247 129.2532 0.0
  248 129.2505 0.0
  249 129.2519 0.2
  250 129.2503 0.0
  251 129.2505 0.6
  252 129.2516 0.2
  253 129.2505 0.0
  254 129.2491 0.0
  255 129.2493 0.0
  256 129.2491 0.0
  257 129.2467 0.2
  258 129.2453 0.0
  259 129.2470 0.0
  260 129.2458 0.0
  261 129.2446 0.0
  262 129.2436 0.0
  263 129.2436 0.0
  264 129.2453 0.0
  265 129.2440 0.0
  266 129.2440 0.0
  267 129.2467 0.0
  268 129.2451 0.0
  269 129.2460 0.0
  270 129.2441 0.0
  271 129.2434 0.0
  272 129.2431 0.0
  273 129.2424 0.0
  274 129.2403 0.0
  275 129.2398 0.0
  276 129.2408 0.0
  277 129.2402 0.0
  278 129.2334 0.0
  279 129.2330 0.0
  280 129.2284 0.0
  281 129.2242 0.0
  282 129.2198 0.0
  283 129.2186 0.0
  284 129.2164 0.0
  285 129.2170 0.0
  286 129.2162 0.0
  287 129.2152 0.0
  288 129.2153 0.0
  289 129.2158 0.0
  290 129.2167 0.0
  291 129.2149 0.0
  292 129.2128 0.0
  293 129.2133 0.0
  294 129.2122 0.0
  295 129.2128 0.0
  296 129.2127 0.0
  297 129.2107 0.0
  298 129.2112 0.0
  299 129.2128 0.0
  300 129.2111 0.0
  301 129.2119 0.0
  302 129.2104 0.0
  303 129.2126 0.0
  304 129.2153 0.0
  305 129.2149 0.0
  306 129.2159 0.0
  307 129.2160 0.0
  308 129.2162 0.0
  309 129.2163 0.0
  310 129.2177 0.0
  311 129.2154 0.0
  312 129.2135 0.0
  313 129.2084 0.0
  314 129.2110 0.0
