 -18.49083 8.659813 6.583540
  12.58078 6.569285 6.684638
  12.61887 7.244444 6.719858
  12.58828 7.032325 6.540549
  12.62800 7.362755 6.857133
  12.59472 7.208418 6.726182
  12.63502 7.412137 6.916028
  12.60185 7.302755 6.832620
  12.64212 7.390832 6.907991
  12.61159 7.301053 6.834621
  12.65126 7.370234 6.900068
  12.62194 7.279289 6.825204
  12.66167 7.265726 6.796637
  12.63504 7.248407 6.797894
  12.67296 7.171502 6.703387
  12.65031 7.194022 6.732602
  12.68609 7.151278 6.675593
  12.66594 7.197437 6.716558
  12.69977 7.252046 6.759720
  12.67865 7.343131 6.850479
  12.71070 7.400740 6.885527
  12.68893 7.588497 7.076747
  12.71681 7.678791 7.151609
  12.69325 7.870008 7.341142
  12.71752 8.019427 7.480433
  12.68859 8.216007 7.677653
  12.70768 8.407414 7.862061
  12.66733 8.634459 8.103414
  12.67560 8.759711 8.227764
  12.62320 8.957000 8.447345
  12.61992 8.953049 8.446436
  12.56280 9.127814 8.652528
  12.54960 8.953038 8.486161
  12.50294 9.062963 8.621110
  12.48852 8.773989 8.346167
  12.46007 8.814845 8.403939
  12.45105 8.436285 8.031960
  12.44112 8.474164 8.085473
  12.43571 8.020218 7.638305
  12.44163 8.010965 7.626354
  12.44043 7.562009 7.178372
  12.45573 7.585717 7.199547
  12.45557 7.134324 6.737507
  12.47727 7.224114 6.814742
  12.47508 6.875440 6.466242
  12.49909 6.963726 6.537692
  12.49560 6.678681 6.252605
  12.52155 6.750886 6.305449
  12.51872 6.524723 6.072019
  12.54659 6.653688 6.181588
  12.54336 6.535551 6.061102
  12.57110 6.714116 6.226095
  12.56653 6.641438 6.148266
  12.59397 6.875832 6.375360
  12.58605 6.855015 6.359507
  12.61267 7.033970 6.523736
  12.60235 7.116428 6.623189
  12.62501 7.215003 6.716619
  12.61429 7.268329 6.781932
  12.63461 7.314261 6.826415
  12.62468 7.335063 6.857170
  12.64354 7.371151 6.899977
  12.63411 7.304414 6.834810
  12.65454 7.349939 6.879366
  12.64403 7.314252 6.852353
  12.66435 7.332119 6.867102
  12.65302 7.300173 6.841171
  12.67398 7.269003 6.798316
  12.66342 7.299814 6.834123
  12.68409 7.237399 6.755218
  12.67562 7.346900 6.864020
  12.69466 7.303804 6.803985
  12.68799 7.498884 6.993936
  12.70333 7.510657 6.993826
  12.69675 7.762846 7.242011
  12.70682 7.786776 7.254470
  12.70014 8.094436 7.558333
  12.70147 8.149200 7.609035
  12.69176 8.486235 7.951688
  12.67947 8.484146 7.953106
  12.66933 8.756283 8.225643
  12.64393 8.768252 8.252267
  12.63076 8.974046 8.463366
  12.59245 8.957786 8.469691
  12.57779 9.063134 8.583745
  12.53322 8.979672 8.520161
  12.52339 9.030168 8.588053
  12.47633 8.848062 8.433876
  12.48068 8.729115 8.315935
  12.44465 8.522337 8.130086
  12.46253 8.326908 7.928958
  12.43656 8.146353 7.763146
  12.46231 7.914977 7.518778
  12.44291 7.783796 7.392487
  12.47160 7.586242 7.188463
  12.45436 7.459301 7.062440
  12.48582 7.251240 6.836868
  12.47040 7.186678 6.773227
  12.50341 6.990913 6.557080
  12.48928 6.996363 6.558415
  12.52299 6.855883 6.400510
  12.50851 6.938525 6.481204
  12.54218 6.817469 6.343055
  12.52701 6.988518 6.516768
  12.55961 6.842402 6.351109
  12.54429 7.140196 6.662568
  12.57291 6.912632 6.419900
  12.56008 7.260507 6.781224
  12.58411 6.970037 6.481346
  12.57571 7.324655 6.840588
  12.59462 7.077286 6.598073
  12.58804 7.386627 6.912465
  12.60277 7.126979 6.659380
  12.59784 7.384271 6.926199
  12.61016 7.062012 6.610274
  12.60891 7.248552 6.800373
  12.62176 6.890148 6.438203
  12.62441 7.113768 6.663628
  12.63627 6.776355 6.321153
  12.64130 7.032320 6.573311
  12.65133 6.740670 6.276910
  12.65765 7.013397 6.539014
  12.66607 6.786752 6.304321
  12.67249 7.117364 6.624693
  12.67824 6.945842 6.441928
  12.68406 7.351187 6.838857
  12.68490 7.234023 6.713960
  12.68943 7.665534 7.142561
  12.68388 7.580534 7.036013
  12.68699 8.018174 7.528290
  12.67119 8.010014 7.330986
  12.67249 8.106894 7.744128
